Request ID,Created At,Method,Path,Status Code,Latency (ms),Message,Query Params,User ID
79c9b710-455c-4ab9-9cda-6dbea3ab6f9b,2026-08-07T04:27:09.832933+00:00,GET,/api/v1/trips/destination-risk,200,109.00,OK,"{""lat"": ""41.8781"", ""lon"": ""-87.6298"", ""datetime"": ""2026-08-07T20:00:00Z""}",a3192f21-7d2c-4583-8296-ec8250168860
d9a1525a-eb60-439b-9871-e8ac0e8c9287,2026-08-07T04:26:19.625101+00:00,GET,/api/v1/trips/destination-risk,401,0.00,Unauthorized,"{""lat"": ""41.8781"", ""lon"": ""-87.6298"", ""datetime"": ""2026-08-07T20:00:00Z""}",Guest
97fc5e4b-0657-4a08-9821-8c9e4afd85a6,2026-08-07T04:26:13.485301+00:00,POST,/api/v1/auth/login,200,766.00,OK,,Guest
01200746-03b8-42c3-afd5-990f1c9d319a,2026-08-07T04:25:48.611789+00:00,POST,/api/v1/auth/register,201,4703.00,Created,,Guest
df4ff23c-be13-4906-8712-e21700ab67e3,2026-08-07T04:24:25.630188+00:00,GET,/api/v1/trips/destination-risk,401,15.00,Unauthorized,"{""lat"": ""41.8781"", ""lon"": ""-87.6298"", ""datetime"": ""2026-08-07T20:00:00Z""}",Guest
71f55d09-a5b0-47c7-9e13-5f0e3456f16e,2026-08-07T04:08:05.107098+00:00,POST,/api/v1/emergency/sos,201,78.09,Created,,1c9b68d5-b2cc-4bd7-ac5e-095109fdcd52
d70b08b3-5d5d-40b2-96f4-e8513608389e,2026-08-07T04:08:04.973122+00:00,OPTIONS,/api/v1/emergency/sos,200,0.25,OK,,Guest
a71cce96-82ed-479b-ac3e-d0327d26905e,2026-08-07T04:06:58.083431+00:00,GET,/api/v1/auth/me,200,23.78,OK,,1c9b68d5-b2cc-4bd7-ac5e-095109fdcd52
ecd0ebcc-6c88-448c-889d-5b1a15f7e11c,2026-08-07T04:06:58.001127+00:00,OPTIONS,/api/v1/auth/me,200,0.38,OK,,Guest
e0946ad0-c5e9-4c70-9a80-c3539662058a,2026-08-07T04:05:15.158530+00:00,GET,/,200,0.00,OK,,Guest
27ad43ca-2f20-4c45-a94f-caa7ba80d006,2026-08-07T04:02:35.349224+00:00,GET,/,200,0.00,OK,,Guest
5f7ab0ee-6939-441e-8e74-490d48ab3a06,2026-08-07T04:00:49.320044+00:00,GET,/,200,0.89,OK,,Guest
83a5e41c-f120-43a3-86da-e0e4975ecd53,2026-08-07T04:00:46.895710+00:00,HEAD,/,405,0.74,Method Not Allowed,,Guest
05ecc650-4c37-498e-a22a-10b8b387a1f4,2026-08-07T04:00:45.650658+00:00,GET,/favicon.ico,404,0.42,Not Found,,Guest
3d760404-101e-4288-827c-5f72988cfa3f,2026-08-07T00:59:34.901145+00:00,POST,/api/v1/trips/routes/recommend,401,2.21,Unauthorized,,Guest
5cd383b6-dc35-4420-bc1c-5b214c768ed7,2026-08-07T00:59:34.718087+00:00,OPTIONS,/api/v1/trips/routes/recommend,200,0.28,OK,,Guest
05ee51bb-11d9-4d55-a7a7-30eb8ec1585e,2026-08-06T22:33:49.763802+00:00,OPTIONS,/api/v1/auth/me,200,0.33,OK,,Guest
458b0c0e-cb5a-43d4-91c1-e96b53d56ff9,2026-08-06T22:33:49.734189+00:00,OPTIONS,/api/v1/auth/me,200,0.39,OK,,Guest
d178917d-a0f9-4f21-b2ba-8e1d1d00c3e3,2026-08-06T19:07:03.944283+00:00,POST,/api/v1/trips/routes/recommend,200,954.00,OK,,f85e595b-b2d0-4d8c-826c-3cd6ec9a77a9
527ac660-9b21-4f5b-a705-e0b5d8a1da03,2026-08-06T19:07:02.875084+00:00,POST,/api/v1/auth/login,200,593.00,OK,,Guest
b37dbbab-082b-4454-812c-fbcc5fb418d5,2026-08-06T19:07:02.155980+00:00,POST,/api/v1/auth/register,201,1438.00,Created,,Guest
8816a1fc-c746-4355-a302-5139aa2ce87d,2026-08-06T19:06:31.340275+00:00,POST,/api/v1/trips/routes/recommend,422,0.00,Unprocessable Entity,,6ee85dcc-185a-4259-9427-d4927bfef49e
e7d7fce5-cdeb-4304-bcb2-aec0b2c6aa87,2026-08-06T19:06:31.216049+00:00,POST,/api/v1/auth/login,200,578.00,OK,,Guest
fc13b813-c8c9-4cdc-a932-f01cf8f74d47,2026-08-06T19:06:30.514142+00:00,POST,/api/v1/auth/register,201,1250.00,Created,,Guest
b7fb329a-34fb-4a98-8ae7-ec4c40dd7cc1,2026-08-06T19:05:50.010421+00:00,POST,/api/v1/trips/routes/recommend,422,0.00,Unprocessable Entity,,de56b553-522d-410c-b41d-431dcd4f8c29
5ea86a0e-a68a-4df5-a623-a38de6f6fd1c,2026-08-06T19:05:49.892577+00:00,POST,/api/v1/auth/login,200,609.00,OK,,Guest
4a30d2bd-1501-4ef6-a1f8-1a6df8446696,2026-08-06T19:05:49.166799+00:00,POST,/api/v1/auth/register,201,1390.00,Created,,Guest
cfc89163-0823-4750-a5ab-89e6d29b9b8f,2026-08-06T19:04:50.603813+00:00,POST,/api/v1/routes/recommend,404,0.00,Not Found,,Guest
bd6ece19-6235-4811-ae69-eae7e8b8b4fc,2026-08-06T19:00:32.855086+00:00,GET,/monitoring,200,45.70,OK,,Guest
8c53fc56-06b2-40c3-bd93-4bdc270c2563,2026-08-06T19:00:32.731381+00:00,HEAD,/monitoring,405,0.58,Method Not Allowed,,Guest
efe184eb-a69f-403b-9827-2b6c5090eddb,2026-08-06T19:00:29.758111+00:00,GET,/favicon.ico,404,0.50,Not Found,,Guest
40e03d9e-d737-498d-bf6b-b722e9c89261,2026-08-06T18:39:54.866101+00:00,GET,/api/v1/auth/me,200,1.13,OK,,a9cef8c9-d74a-43e4-902b-1f1a3e3c699d
dbbb14a4-377f-4fd2-809c-a5b69cf5b751,2026-08-06T18:39:53.070472+00:00,GET,/api/v1/auth/me,200,1.03,OK,,a9cef8c9-d74a-43e4-902b-1f1a3e3c699d
64105a41-a5b1-4c26-9850-b48e4becfeeb,2026-08-06T18:39:50.333128+00:00,GET,/api/v1/auth/me,200,1.41,OK,,a9cef8c9-d74a-43e4-902b-1f1a3e3c699d
37c30cbb-9476-45d9-abf7-3f8ec263948d,2026-08-06T18:39:50.251891+00:00,OPTIONS,/api/v1/auth/me,200,0.23,OK,,Guest
502d61b3-451c-4591-bef9-9cd04f9d4b79,2026-08-06T18:39:44.230477+00:00,POST,/api/v1/reports,201,33.88,Created,,a9cef8c9-d74a-43e4-902b-1f1a3e3c699d
fb1ae375-9d2d-4338-8561-e42d46254e34,2026-08-06T18:39:44.114386+00:00,OPTIONS,/api/v1/reports,200,0.22,OK,,Guest
3877caf9-131b-4c82-8991-ca9d3e89f87e,2026-08-06T18:39:15.886311+00:00,POST,/api/v1/emergency/sos,201,21.81,Created,,a9cef8c9-d74a-43e4-902b-1f1a3e3c699d
e1197b08-8b99-47fc-a718-d8d48fc838fd,2026-08-06T18:39:15.781675+00:00,OPTIONS,/api/v1/emergency/sos,200,0.27,OK,,Guest
10211685-8df7-4e46-b8fd-67a19d05608d,2026-08-06T18:39:03.234536+00:00,POST,/api/v1/trips/routes/recommend,200,734.61,OK,,a9cef8c9-d74a-43e4-902b-1f1a3e3c699d
f6d28820-481e-4078-b3f2-8e324d4d6509,2026-08-06T18:39:02.411809+00:00,OPTIONS,/api/v1/trips/routes/recommend,200,0.23,OK,,Guest
ba551274-b538-4aff-84e2-199dc65b4003,2026-08-06T18:38:42.633509+00:00,POST,/api/v1/auth/login,200,1448.89,OK,,Guest
b4475592-24d9-4e4d-b6e2-5fa4e8f93319,2026-08-06T18:38:41.057007+00:00,OPTIONS,/api/v1/auth/login,200,0.33,OK,,Guest
5366ca74-1399-4e3a-98b9-6c1c2bdb05b9,2026-08-06T18:29:49.931137+00:00,GET,/api/v1/auth/me,200,0.97,OK,,a9cef8c9-d74a-43e4-902b-1f1a3e3c699d
f1325a64-7fec-42cc-91af-f0293abfc0fb,2026-08-06T18:27:05.241395+00:00,GET,/api/v1/auth/me,200,1.10,OK,,a9cef8c9-d74a-43e4-902b-1f1a3e3c699d
0a847f8c-ea51-423e-a702-4a7d96b8167d,2026-08-06T18:27:02.489217+00:00,GET,/api/v1/auth/me,200,0.98,OK,,a9cef8c9-d74a-43e4-902b-1f1a3e3c699d
34512d4e-42b6-4247-9377-5f99e9a052a9,2026-08-06T18:27:02.339501+00:00,OPTIONS,/api/v1/auth/me,200,0.26,OK,,Guest
47ee4bb6-e879-4660-ba88-ffe2186a4ac3,2026-08-06T18:22:02.762882+00:00,GET,/api/v1/auth/me,200,0.98,OK,,a9cef8c9-d74a-43e4-902b-1f1a3e3c699d
29a226d0-ee75-47ee-9a74-6cf08e75e3cc,2026-08-06T18:21:39.676968+00:00,GET,/api/v1/auth/me,200,1.04,OK,,a9cef8c9-d74a-43e4-902b-1f1a3e3c699d
de1c1f9d-0503-4738-a263-48fef992ff52,2026-08-06T18:21:38.849598+00:00,GET,/api/v1/auth/me,200,1.04,OK,,a9cef8c9-d74a-43e4-902b-1f1a3e3c699d
88317d8f-dc0b-476d-b749-909aee4e1d10,2026-08-06T18:21:11.754151+00:00,POST,/api/v1/auth/login,200,1416.50,OK,,a9cef8c9-d74a-43e4-902b-1f1a3e3c699d
1fc68972-cef2-4eab-8ebf-82379ae894b0,2026-08-06T18:20:34.657482+00:00,GET,/api/v1/auth/me,200,0.96,OK,,a9cef8c9-d74a-43e4-902b-1f1a3e3c699d
e0a0c482-db10-40ea-9356-6f72a6d98e60,2026-08-06T18:19:48.445220+00:00,POST,/api/v1/auth/login,200,1448.43,OK,,a9cef8c9-d74a-43e4-902b-1f1a3e3c699d
8bb01ec1-dacf-4c80-8d49-0897a64f15e4,2026-08-06T18:19:38.724057+00:00,GET,/api/v1/auth/me,200,1.07,OK,,a9cef8c9-d74a-43e4-902b-1f1a3e3c699d
0a506cb3-8835-42b1-bedb-1b6e1006e749,2026-08-06T18:19:36.002003+00:00,GET,/api/v1/auth/me,200,1.02,OK,,a9cef8c9-d74a-43e4-902b-1f1a3e3c699d
d1c71f14-694a-422f-8a50-b0aa46800089,2026-08-06T18:19:28.159494+00:00,GET,/api/v1/auth/me,200,0.97,OK,,a9cef8c9-d74a-43e4-902b-1f1a3e3c699d
414452cc-5b4b-4ace-9c2d-25b2f0f445f2,2026-08-06T18:19:15.033398+00:00,GET,/api/v1/auth/me,200,1.06,OK,,a9cef8c9-d74a-43e4-902b-1f1a3e3c699d
acca6785-0137-4573-b1d2-e1a9cf2365c1,2026-08-06T18:18:59.551254+00:00,GET,/api/v1/auth/me,200,1.23,OK,,a9cef8c9-d74a-43e4-902b-1f1a3e3c699d
c036c1b4-5bcb-473f-a459-640ce52eb386,2026-08-06T18:18:51.413721+00:00,POST,/api/v1/emergency/sos,201,25.76,Created,,a9cef8c9-d74a-43e4-902b-1f1a3e3c699d
3afa5f43-92c0-46c4-a278-bae02d30a9c6,2026-08-06T18:18:51.299925+00:00,OPTIONS,/api/v1/emergency/sos,200,0.36,OK,,Guest
02efcaba-e174-4738-8648-22bac16b343b,2026-08-06T18:18:35.861260+00:00,POST,/api/v1/auth/login,200,1338.65,OK,,a9cef8c9-d74a-43e4-902b-1f1a3e3c699d
cd6a0a9e-7dc8-4be3-b7c4-54f1c861a1c5,2026-08-06T18:18:34.151319+00:00,OPTIONS,/api/v1/auth/login,200,0.30,OK,,Guest
a9591793-1ab6-44ea-8125-d473b1729ee4,2026-08-06T18:18:22.777329+00:00,GET,/api/v1/auth/me,401,0.74,Unauthorized,,Guest
a8fb1c90-0221-464b-96ad-620e6f68191f,2026-08-06T18:18:20.618627+00:00,GET,/api/v1/auth/me,200,1.04,OK,,a9cef8c9-d74a-43e4-902b-1f1a3e3c699d
7cc7f809-8821-4731-951a-59da8b7341db,2026-08-06T18:18:10.951507+00:00,GET,/api/v1/auth/me,200,1.09,OK,,a9cef8c9-d74a-43e4-902b-1f1a3e3c699d
150b4be4-5b66-4206-a6f8-925602f49fe2,2026-08-06T18:18:07.825853+00:00,GET,/api/v1/auth/me,401,0.75,Unauthorized,,Guest
d732bc13-3692-496a-8ca8-4b8a19625d2b,2026-08-06T18:17:45.721631+00:00,GET,/api/v1/auth/me,200,0.98,OK,,a9cef8c9-d74a-43e4-902b-1f1a3e3c699d
a7bc826b-c62e-48a2-9b0f-07e5bd4b6d9a,2026-08-06T18:15:39.104114+00:00,GET,/api/v1/auth/me,200,0.92,OK,,a9cef8c9-d74a-43e4-902b-1f1a3e3c699d
466b6f58-f049-4042-b528-fd4736922e82,2026-08-06T18:13:16.676501+00:00,GET,/api/v1/auth/me,200,1.02,OK,,a9cef8c9-d74a-43e4-902b-1f1a3e3c699d
91802b30-52f6-46a3-9238-d3822b634177,2026-08-06T18:13:16.292802+00:00,OPTIONS,/api/v1/auth/me,200,0.26,OK,,Guest
654499f7-18ab-4441-a64d-c36d02ce2a2c,2026-08-06T18:06:27.770672+00:00,GET,/api/v1/auth/me,200,0.94,OK,,a9cef8c9-d74a-43e4-902b-1f1a3e3c699d
403be3e9-d393-4db2-86c9-869fdcdd8ff9,2026-08-06T18:04:21.089675+00:00,POST,/api/v1/auth/login,200,1343.59,OK,,a9cef8c9-d74a-43e4-902b-1f1a3e3c699d
e66bcba4-98ac-4ba0-b73e-caf0778bd0a4,2026-08-06T18:04:12.795918+00:00,GET,/api/v1/auth/me,200,0.86,OK,,a9cef8c9-d74a-43e4-902b-1f1a3e3c699d
a0190ff3-bee1-444a-aadc-4518fc0f19a9,2026-08-06T18:03:53.896732+00:00,GET,/api/v1/auth/me,200,1.22,OK,,a9cef8c9-d74a-43e4-902b-1f1a3e3c699d
79e08a24-dcb7-48ca-bce0-6503597300b8,2026-08-06T18:03:18.615794+00:00,GET,/api/v1/auth/me,200,1.00,OK,,a9cef8c9-d74a-43e4-902b-1f1a3e3c699d
ea3b90cc-06f3-4574-bcc5-eaec2196a1e5,2026-08-06T18:03:05.526023+00:00,GET,/api/v1/auth/me,200,1.16,OK,,a9cef8c9-d74a-43e4-902b-1f1a3e3c699d
58c1d5a5-fff6-4387-bf99-6b575021c191,2026-08-06T18:03:00.085498+00:00,POST,/api/v1/auth/login,200,1424.97,OK,,a9cef8c9-d74a-43e4-902b-1f1a3e3c699d
54466c6f-2639-4e54-84a1-de05c8f7b74f,2026-08-06T18:02:58.439984+00:00,OPTIONS,/api/v1/auth/login,200,0.23,OK,,Guest
0e06998a-44f8-44be-8fbf-33f275afddb6,2026-08-06T18:02:28.369623+00:00,GET,/api/v1/auth/me,200,1.02,OK,,a9cef8c9-d74a-43e4-902b-1f1a3e3c699d
3eef9e23-cb8a-4e4f-ae71-b8fcf038db58,2026-08-06T18:00:20.192711+00:00,GET,/api/v1/auth/me,200,1.06,OK,,a9cef8c9-d74a-43e4-902b-1f1a3e3c699d
e59c08d3-a507-47f8-8eb0-c72f0fb9fa6a,2026-08-06T18:00:17.006003+00:00,GET,/api/v1/auth/me,200,1.27,OK,,a9cef8c9-d74a-43e4-902b-1f1a3e3c699d
010b196f-6658-492e-90a8-175c54f62a27,2026-08-06T17:59:50.439495+00:00,GET,/api/v1/auth/me,200,0.91,OK,,a9cef8c9-d74a-43e4-902b-1f1a3e3c699d
681cd910-0d6f-468c-a924-c9c5792b2ff9,2026-08-06T17:59:42.148413+00:00,GET,/api/v1/auth/me,200,0.99,OK,,a9cef8c9-d74a-43e4-902b-1f1a3e3c699d
b06d618a-4d90-47e3-8e7c-88391366854a,2026-08-06T17:56:50.422267+00:00,GET,/api/v1/auth/me,200,1.05,OK,,a9cef8c9-d74a-43e4-902b-1f1a3e3c699d
bd575f9c-505e-4316-a922-92d659170d09,2026-08-06T17:56:38.066789+00:00,GET,/api/v1/auth/me,200,0.98,OK,,a9cef8c9-d74a-43e4-902b-1f1a3e3c699d
6b3924e9-2ff8-4db8-9750-808beaf43ac2,2026-08-06T17:56:31.494265+00:00,GET,/api/v1/auth/me,200,1.06,OK,,a9cef8c9-d74a-43e4-902b-1f1a3e3c699d
584e9980-40a8-4795-9227-5bb480732d6e,2026-08-06T17:56:31.389749+00:00,OPTIONS,/api/v1/auth/me,200,0.22,OK,,Guest
e49290fb-af6c-429f-a358-f69352d4f1a4,2026-08-06T17:55:50.712636+00:00,POST,/api/v1/emergency/sos,201,28.55,Created,,a9cef8c9-d74a-43e4-902b-1f1a3e3c699d
ae198a55-a255-41c6-b154-113e8226cfaa,2026-08-06T17:55:50.583705+00:00,OPTIONS,/api/v1/emergency/sos,200,0.22,OK,,Guest
34a122f2-65e1-4b8d-9c89-14c93fd22393,2026-08-06T17:53:47.174823+00:00,GET,/api/v1/auth/me,200,155.11,OK,,a9cef8c9-d74a-43e4-902b-1f1a3e3c699d
10976d94-7d99-4a35-8824-4760ed2119aa,2026-08-06T17:53:47.081489+00:00,POST,/api/v1/trips/routes/recommend,200,27663.53,OK,,a9cef8c9-d74a-43e4-902b-1f1a3e3c699d
a92874f6-5e95-4b42-95af-585cb843dfbc,2026-08-06T17:52:45.895034+00:00,POST,/api/v1/trips/routes/recommend,200,28558.73,OK,,a9cef8c9-d74a-43e4-902b-1f1a3e3c699d
8959cc21-3969-4597-869e-7d5bf8f4527a,2026-08-06T17:52:17.187498+00:00,OPTIONS,/api/v1/trips/routes/recommend,200,0.23,OK,,Guest
75f3cd10-5fb4-4dab-aedc-68ea6262fee1,2026-08-06T17:51:32.831696+00:00,GET,/api/v1/auth/me,200,1.09,OK,,a9cef8c9-d74a-43e4-902b-1f1a3e3c699d
15bef38a-918a-4749-a20b-db945d10b89f,2026-08-06T17:49:23.315076+00:00,POST,/api/v1/emergency/sos,201,18.06,Created,,a9cef8c9-d74a-43e4-902b-1f1a3e3c699d
42c173b5-c565-48ae-907b-52467cced90c,2026-08-06T17:48:07.227364+00:00,GET,/api/v1/auth/me,200,1.00,OK,,a9cef8c9-d74a-43e4-902b-1f1a3e3c699d
49e1be27-f3c4-4524-bfec-08908d33e3d0,2026-08-06T17:47:53.149942+00:00,POST,/api/v1/emergency/sos,201,18.23,Created,,a9cef8c9-d74a-43e4-902b-1f1a3e3c699d
7c66db25-67eb-478e-9dbd-f0e1e7c2eea4,2026-08-06T17:47:33.689821+00:00,GET,/api/v1/safe-points/nearest,404,0.42,Not Found,"{""lat"": ""-6.368"", ""lon"": ""106.833""}",Guest
8fac0acc-5988-4811-8b11-edb4d16286d4,2026-08-06T17:44:51.378324+00:00,GET,/api/v1/auth/me,200,1.19,OK,,a9cef8c9-d74a-43e4-902b-1f1a3e3c699d
b4765d28-947c-467a-9737-a3927f8d1fad,2026-08-06T17:44:38.245150+00:00,GET,/api/v1/auth/me,200,1.18,OK,,a9cef8c9-d74a-43e4-902b-1f1a3e3c699d
34fe5c26-6297-44ce-8ecf-e0fb20c88525,2026-08-06T17:44:33.540756+00:00,GET,/api/v1/auth/me,200,1.05,OK,,a9cef8c9-d74a-43e4-902b-1f1a3e3c699d
f9e554eb-d0e0-467d-a9df-12e61080c261,2026-08-06T17:44:33.341329+00:00,OPTIONS,/api/v1/auth/me,200,0.29,OK,,Guest
48dd1c7d-9f1f-4853-ad2e-079eb40f3c0a,2026-08-06T17:43:41.440783+00:00,POST,/api/v1/emergency/sos,201,24.98,Created,,a9cef8c9-d74a-43e4-902b-1f1a3e3c699d
88c98a5e-c95c-4229-9bd5-e075b3d996fd,2026-08-06T17:43:32.765901+00:00,GET,/api/v1/auth/me,200,1.41,OK,,a9cef8c9-d74a-43e4-902b-1f1a3e3c699d
ca304674-884c-497b-8b9a-e1b7e00884a5,2026-08-06T17:42:38.093768+00:00,GET,/api/v1/safe-points/nearest,404,0.45,Not Found,"{""lat"": ""-6.9985815292858025"", ""lon"": ""107.56816568885638""}",a9cef8c9-d74a-43e4-902b-1f1a3e3c699d
f6da5722-3af0-496d-9100-6aa8e63066ec,2026-08-06T17:42:37.900411+00:00,OPTIONS,/api/v1/safe-points/nearest,200,0.22,OK,"{""lat"": ""-6.9985815292858025"", ""lon"": ""107.56816568885638""}",Guest
ab616fad-8b52-4cb1-90a0-0e67d1903893,2026-08-06T17:42:20.158137+00:00,POST,/api/v1/emergency/sos,201,37.15,Created,,a9cef8c9-d74a-43e4-902b-1f1a3e3c699d
34eca428-2cbe-4465-975a-0b8529a7c16a,2026-08-06T17:42:19.983740+00:00,OPTIONS,/api/v1/emergency/sos,200,0.28,OK,,Guest
03557f33-87a8-47ab-9f08-684012ce5b6b,2026-08-06T17:40:11.056540+00:00,POST,/api/v1/trips/routes/recommend,200,901.92,OK,,a9cef8c9-d74a-43e4-902b-1f1a3e3c699d
f9d5a5ee-2e7d-4b55-93e9-1135167ceb4f,2026-08-06T17:40:10.014477+00:00,OPTIONS,/api/v1/trips/routes/recommend,200,0.26,OK,,Guest
2ab08450-40b3-4a38-adbe-a3d000ec408b,2026-08-06T17:39:59.969171+00:00,GET,/api/v1/auth/me,200,1.13,OK,,a9cef8c9-d74a-43e4-902b-1f1a3e3c699d
46611815-4586-42c9-9760-8f4c67b3ef65,2026-08-06T17:39:51.403509+00:00,POST,/api/v1/emergency/sos,201,32.19,Created,,a9cef8c9-d74a-43e4-902b-1f1a3e3c699d
e7f281bb-5439-48b9-8ca5-348c5cac3baf,2026-08-06T17:39:30.968195+00:00,GET,/api/v1/auth/me,200,1.00,OK,,a9cef8c9-d74a-43e4-902b-1f1a3e3c699d
f7cbe040-fef4-4de8-8f6b-127cd069e604,2026-08-06T17:34:14.185550+00:00,POST,/api/v1/emergency/sos,201,18.23,Created,,a9cef8c9-d74a-43e4-902b-1f1a3e3c699d
b7b5379c-33b7-4b30-a867-41abb473c623,2026-08-06T17:33:36.993265+00:00,GET,/api/v1/auth/me,200,1.35,OK,,a9cef8c9-d74a-43e4-902b-1f1a3e3c699d
e044396f-e33d-45ba-93fc-1729b07ac511,2026-08-06T17:33:36.013328+00:00,OPTIONS,/api/v1/auth/me,200,0.27,OK,,Guest
9e298af9-35b7-466b-9c1a-72f07b3d3038,2026-08-06T17:30:28.767905+00:00,POST,/api/v1/emergency/sos,201,24.02,Created,,a9cef8c9-d74a-43e4-902b-1f1a3e3c699d
3e2fee9e-464c-473c-bf7e-c8f40245d8bc,2026-08-06T17:30:28.602050+00:00,OPTIONS,/api/v1/emergency/sos,200,0.30,OK,,Guest
a1c2281d-70a8-4ddb-b3de-a6e6c9ae3801,2026-08-06T17:27:22.837908+00:00,POST,/api/v1/emergency/sos,201,18.87,Created,,a9cef8c9-d74a-43e4-902b-1f1a3e3c699d
f8a96ae2-4ff1-4d7e-82e3-261b4467117c,2026-08-06T17:26:51.061099+00:00,POST,/api/v1/emergency/sos,201,24.95,Created,,a9cef8c9-d74a-43e4-902b-1f1a3e3c699d
9a105efe-f2e2-4dc9-8ae3-58fb8b4ce8d4,2026-08-06T17:26:40.818707+00:00,GET,/api/v1/auth/me,200,1.00,OK,,a9cef8c9-d74a-43e4-902b-1f1a3e3c699d
0c6694c4-b5d2-4515-999d-749c603e712b,2026-08-06T17:23:24.854965+00:00,POST,/api/v1/emergency/sos,201,43.90,Created,,a9cef8c9-d74a-43e4-902b-1f1a3e3c699d
da78e84a-cab1-4f11-9c02-fb755a5330bb,2026-08-06T17:22:58.567748+00:00,GET,/api/v1/auth/me,200,1.18,OK,,a9cef8c9-d74a-43e4-902b-1f1a3e3c699d
0aff0079-23a3-4c00-9be6-6956844184e3,2026-08-06T17:21:05.240821+00:00,GET,/api/v1/auth/me,200,1.06,OK,,a9cef8c9-d74a-43e4-902b-1f1a3e3c699d
9652e9a1-a171-4ed3-8182-3907eacbeaf3,2026-08-06T17:21:03.732394+00:00,OPTIONS,/api/v1/auth/me,200,0.25,OK,,Guest
ea1736a7-2f1b-4378-94ca-2fa14c1a21cb,2026-08-06T17:19:04.517836+00:00,POST,/api/v1/emergency/sos,201,22.63,Created,,a9cef8c9-d74a-43e4-902b-1f1a3e3c699d
0a874abe-81f6-4aee-b48d-5bc3c672c769,2026-08-06T17:19:04.335071+00:00,OPTIONS,/api/v1/emergency/sos,200,0.24,OK,,Guest
bac388f8-dfa9-45df-90e5-3b0b3c2713f3,2026-08-06T17:18:14.054088+00:00,GET,/api/v1/auth/me,200,1.08,OK,,a9cef8c9-d74a-43e4-902b-1f1a3e3c699d
c9f52ec3-ae47-4718-88ac-5a177326f357,2026-08-06T17:18:13.851140+00:00,OPTIONS,/api/v1/auth/me,200,0.27,OK,,Guest
f52a5440-6ab5-4b1a-a370-0aeda8560027,2026-08-06T17:08:31.839461+00:00,POST,/api/v1/emergency/sos,201,30.68,Created,,a9cef8c9-d74a-43e4-902b-1f1a3e3c699d
28913bc0-ec6e-4917-b317-55c37c770d84,2026-08-06T17:08:31.586606+00:00,OPTIONS,/api/v1/emergency/sos,200,0.27,OK,,Guest
72bd65ff-b195-413c-ae8b-e0f48c26c26e,2026-08-06T17:07:14.201413+00:00,POST,/api/v1/reports,201,32.39,Created,,a9cef8c9-d74a-43e4-902b-1f1a3e3c699d
e36cee7d-23bf-476c-86d9-e899233f27eb,2026-08-06T17:06:52.828796+00:00,POST,/api/v1/trips/routes/recommend,200,806.29,OK,,a9cef8c9-d74a-43e4-902b-1f1a3e3c699d
37da32e3-f315-4756-9ccf-9587c1cda179,2026-08-06T17:06:33.429708+00:00,POST,/api/v1/auth/login,200,1558.57,OK,,a9cef8c9-d74a-43e4-902b-1f1a3e3c699d
a5d8bc96-27d4-475f-864e-c038506d056a,2026-08-06T17:06:31.793298+00:00,OPTIONS,/api/v1/auth/login,200,0.23,OK,,Guest
0371a5cc-6273-4038-8983-93aa6d75402d,2026-08-06T17:06:25.952861+00:00,GET,/api/v1/auth/me,200,0.99,OK,,a9cef8c9-d74a-43e4-902b-1f1a3e3c699d
27a01386-b86b-41a5-bfa0-787433ae9c96,2026-08-06T17:06:18.894117+00:00,GET,/api/v1/auth/me,200,1.06,OK,,a9cef8c9-d74a-43e4-902b-1f1a3e3c699d
3d4cffc3-65ec-473e-b242-e387d9f7df02,2026-08-06T17:06:13.746495+00:00,GET,/api/v1/auth/me,200,0.96,OK,,a9cef8c9-d74a-43e4-902b-1f1a3e3c699d
99e47b91-3951-46f0-b049-8631aef18011,2026-08-06T17:06:01.031674+00:00,POST,/api/v1/trips/routes/recommend,200,876.36,OK,,a9cef8c9-d74a-43e4-902b-1f1a3e3c699d
683d547b-548c-4b57-b7cc-e8e797474ae8,2026-08-06T17:05:49.167249+00:00,POST,/api/v1/trips/routes/recommend,401,1.37,Unauthorized,,Guest
69c455c3-2a9d-4252-bb4b-4f09dc1315b0,2026-08-06T17:05:45.709779+00:00,POST,/api/v1/trips/routes/recommend,401,1.84,Unauthorized,,Guest
d82d8363-d8b3-4735-a48b-0df8202666e3,2026-08-06T17:05:45.552523+00:00,OPTIONS,/api/v1/trips/routes/recommend,200,0.33,OK,,Guest
dab66442-f95e-4f6a-960d-53210ea06c21,2026-08-06T17:04:17.385022+00:00,GET,/api/v1/auth/me,200,1.15,OK,,a9cef8c9-d74a-43e4-902b-1f1a3e3c699d
ec7f6341-016e-4803-a3fe-e7e01e0747dd,2026-08-06T17:04:16.953051+00:00,OPTIONS,/api/v1/auth/me,200,0.32,OK,,Guest
67221c23-a9fa-4cc7-8079-eadffcc04237,2026-08-06T17:02:30.326836+00:00,POST,/api/v1/trips/routes/recommend,200,1248.96,OK,,a9cef8c9-d74a-43e4-902b-1f1a3e3c699d
ce503a0a-c66c-4513-8d5b-7e65c452eb01,2026-08-06T17:02:28.972497+00:00,OPTIONS,/api/v1/trips/routes/recommend,200,0.27,OK,,Guest
ec59c0bc-aca7-42d2-8d52-008f0c5e106b,2026-08-06T17:01:11.063517+00:00,POST,/api/v1/reports,201,378.95,Created,,a9cef8c9-d74a-43e4-902b-1f1a3e3c699d
dc975dca-2252-4467-99a2-64337f1bf43c,2026-08-06T17:01:10.479322+00:00,OPTIONS,/api/v1/reports,200,0.22,OK,,Guest
5f0edbaa-bfbb-424f-9731-a78fc814f881,2026-08-06T16:57:22.077684+00:00,GET,/api/v1/auth/me,200,0.98,OK,,1c9b68d5-b2cc-4bd7-ac5e-095109fdcd52
ecc26c12-fb81-49c6-845e-f26abecdc10e,2026-08-06T16:57:22.012919+00:00,OPTIONS,/api/v1/auth/me,200,0.24,OK,,Guest
42bd77f6-bf46-4187-9394-8eb7f010974b,2026-08-06T16:56:58.182833+00:00,POST,/api/v1/emergency/sos,201,35.92,Created,,a9cef8c9-d74a-43e4-902b-1f1a3e3c699d
e6d58f8d-1908-4026-bd3f-e61a5c0483cb,2026-08-06T16:56:58.067230+00:00,OPTIONS,/api/v1/emergency/sos,200,0.26,OK,,Guest
7e875684-e6ca-46d1-baf6-44b35ec3a26b,2026-08-06T16:53:29.152499+00:00,POST,/api/v1/trips/routes/recommend,200,1293.42,OK,,a9cef8c9-d74a-43e4-902b-1f1a3e3c699d
7f909717-067f-4f6c-9525-685780b20c58,2026-08-06T16:51:04.644588+00:00,POST,/api/v1/trips/routes/recommend,200,677.98,OK,,a9cef8c9-d74a-43e4-902b-1f1a3e3c699d
9badf2d5-201a-408f-a877-3e25fbdf3ab1,2026-08-06T16:50:33.626492+00:00,POST,/api/v1/trips/routes/recommend,200,1062.45,OK,,a9cef8c9-d74a-43e4-902b-1f1a3e3c699d
f0008d24-d514-4264-b12b-fdd2fa75a87d,2026-08-06T16:50:32.373371+00:00,OPTIONS,/api/v1/trips/routes/recommend,200,0.23,OK,,Guest
0cee96cd-1a63-44e5-89b4-5d32396c6897,2026-08-06T16:45:38.061870+00:00,GET,/api/v1/auth/me,200,1.15,OK,,a9cef8c9-d74a-43e4-902b-1f1a3e3c699d
c77e86c2-d801-4857-a6c4-765252733891,2026-08-06T16:45:37.962488+00:00,OPTIONS,/api/v1/auth/me,200,0.20,OK,,Guest
9a32a761-024f-4e79-b569-43008d5c7c15,2026-08-06T16:45:22.325091+00:00,GET,/monitoring,200,88.87,OK,,Guest
facec139-f9bc-4432-92f1-c74c132fd0b8,2026-08-06T16:45:17.829928+00:00,GET,/favicon.ico,404,0.52,Not Found,,Guest
e8b21197-5d54-4b52-94cd-5ea509b9b6b9,2026-08-06T16:45:17.673729+00:00,GET,/,200,0.58,OK,,Guest
a8dae7df-c321-4671-b9bf-5ee68300944b,2026-08-06T16:44:29.815985+00:00,GET,/api/v1/auth/me,200,1.89,OK,,1c9b68d5-b2cc-4bd7-ac5e-095109fdcd52
bc8fee46-b376-434e-9926-ccceb702e62d,2026-08-06T16:43:47.473518+00:00,GET,/api/v1/auth/me,200,2.84,OK,,1c9b68d5-b2cc-4bd7-ac5e-095109fdcd52
f335b3b8-b896-41c4-8f25-d3cf2b7db58c,2026-08-06T16:43:47.407084+00:00,OPTIONS,/api/v1/auth/me,200,0.27,OK,,Guest
a16d3ee4-db68-461a-91bd-5a128a3c7445,2026-08-06T16:42:54.025460+00:00,GET,/,200,0.66,OK,,Guest
1c2d0051-4516-43ab-b923-f210d77e7e2d,2026-08-06T16:42:51.284491+00:00,HEAD,/,405,0.61,Method Not Allowed,,Guest
522667f2-9987-40f1-8ab0-6d4535bd4eaf,2026-08-06T16:41:54.787386+00:00,GET,/api/v1/auth/me,200,1.00,OK,,a9cef8c9-d74a-43e4-902b-1f1a3e3c699d
11fdcd8d-961e-4085-85d6-33faa5d0a5f3,2026-08-06T16:41:54.620147+00:00,OPTIONS,/api/v1/auth/me,200,0.27,OK,,Guest
893239d7-07a9-488a-8ea6-b9ed504d6a45,2026-08-06T16:38:50.397396+00:00,POST,/api/v1/auth/login,200,1388.60,OK,,Guest
59399181-9060-400a-b4f4-79f032432578,2026-08-06T16:38:48.755229+00:00,OPTIONS,/api/v1/auth/login,200,0.24,OK,,Guest
adc1a24a-dbd1-4b4c-9c9d-ba717385e98d,2026-08-06T16:38:22.373817+00:00,GET,/api/v1/auth/me,200,0.93,OK,,a9cef8c9-d74a-43e4-902b-1f1a3e3c699d
c946c87f-6604-41bd-a9f6-2c4398882f4c,2026-08-06T16:29:18.331619+00:00,GET,/api/v1/auth/me,200,1.15,OK,,a9cef8c9-d74a-43e4-902b-1f1a3e3c699d
aa93b785-f4b8-4f90-9cdf-45af02e7e32f,2026-08-06T16:29:17.865120+00:00,OPTIONS,/api/v1/auth/me,200,0.25,OK,,Guest
9829c014-95c2-4570-9e78-4e1ec3eb2756,2026-08-06T16:20:50.934326+00:00,GET,/api/v1/auth/me,200,1.06,OK,,a9cef8c9-d74a-43e4-902b-1f1a3e3c699d
c73b9bd4-4f17-474a-a118-f5a97b8d5fa9,2026-08-06T16:16:32.540795+00:00,GET,/api/v1/auth/me,200,0.96,OK,,a9cef8c9-d74a-43e4-902b-1f1a3e3c699d
af83a87a-8368-4251-bfdb-8f3e44a10a16,2026-08-06T16:16:02.526686+00:00,GET,/api/v1/auth/me,200,1.10,OK,,a9cef8c9-d74a-43e4-902b-1f1a3e3c699d
74deaa70-e080-476e-862a-e6e8b8796865,2026-08-06T16:15:58.595299+00:00,GET,/api/v1/auth/me,200,1.13,OK,,a9cef8c9-d74a-43e4-902b-1f1a3e3c699d
5b343fbb-02a2-4249-9489-7f5df70514d7,2026-08-06T16:13:15.019432+00:00,GET,/api/v1/auth/me,200,1.02,OK,,a9cef8c9-d74a-43e4-902b-1f1a3e3c699d
bcf3aa4b-9efe-4758-aba1-ee5d5fa68eaf,2026-08-06T16:13:02.112385+00:00,GET,/api/v1/auth/me,200,0.98,OK,,a9cef8c9-d74a-43e4-902b-1f1a3e3c699d
6d4c587f-6e4a-42da-98b9-2a45965104e0,2026-08-06T16:12:42.401595+00:00,GET,/api/v1/auth/me,200,0.96,OK,,a9cef8c9-d74a-43e4-902b-1f1a3e3c699d
be04bd44-d48a-48a0-bd07-a4929fcff6e4,2026-08-06T16:11:22.225839+00:00,GET,/api/v1/auth/me,200,1.13,OK,,a9cef8c9-d74a-43e4-902b-1f1a3e3c699d
6afdb241-efe8-418d-8204-145287ffd91d,2026-08-06T16:11:21.842724+00:00,OPTIONS,/api/v1/auth/me,200,0.29,OK,,Guest
e9cdb775-77fa-4a96-88a7-18d7685ec6f9,2026-08-06T16:11:01.417437+00:00,GET,/api/v1/auth/me,200,1.07,OK,,a9cef8c9-d74a-43e4-902b-1f1a3e3c699d
89fa1a0e-c9b9-4b74-8b87-e50e951deb6b,2026-08-06T16:11:01.195317+00:00,OPTIONS,/api/v1/auth/me,200,0.31,OK,,Guest
e40a83e8-151c-4e8a-98bd-b0cbcaffe086,2026-08-06T16:10:22.680006+00:00,POST,/api/v1/auth/login,200,1371.76,OK,,Guest
db85341c-a77c-47f2-8320-f9eaccd0cfb4,2026-08-06T16:10:20.971693+00:00,OPTIONS,/api/v1/auth/login,200,0.23,OK,,Guest
ac200dc5-72aa-414b-93d2-104ac445d5e2,2026-08-06T16:08:40.508021+00:00,POST,/api/v1/emergency/sos,201,91.35,Created,,a9cef8c9-d74a-43e4-902b-1f1a3e3c699d
b7a0e824-2938-4418-afb9-dfcbb86b593c,2026-08-06T16:08:40.336551+00:00,OPTIONS,/api/v1/emergency/sos,200,0.26,OK,,Guest
ed2528fd-be91-4052-be2b-fc7ecb5c3b37,2026-08-06T16:08:28.691407+00:00,POST,/api/v1/auth/login,200,1369.80,OK,,Guest
8e85c59e-0be3-4c68-9329-6068640fe348,2026-08-06T16:08:27.163933+00:00,OPTIONS,/api/v1/auth/login,200,0.27,OK,,Guest
abafb6ea-7cb5-44dd-bd4f-aa6a7a8c91d1,2026-08-06T16:08:08.408026+00:00,POST,/api/v1/auth/register,201,1579.58,Created,,Guest
49a51792-a01f-4518-808d-68fdb7b3665b,2026-08-06T16:08:06.588538+00:00,OPTIONS,/api/v1/auth/register,200,0.29,OK,,Guest
5350e804-8939-41ec-9fa1-6e8e46a41f62,2026-08-06T13:59:50.176575+00:00,GET,/api/v1/system/export-mlops,200,197.93,OK,,Guest
6075db21-7684-467a-9f9f-821c06979465,2026-08-06T13:59:49.236100+00:00,HEAD,/api/v1/system/export-mlops,405,0.47,Method Not Allowed,,Guest
f2c922cc-3a12-4ccf-82a9-9fe939131882,2026-08-06T13:59:46.481316+00:00,GET,/api/v1/system/export-mlops,200,926.58,OK,,Guest
e236b808-d30d-4af5-b8d7-c3da9f07b314,2026-08-06T13:59:45.371203+00:00,HEAD,/api/v1/system/export-mlops,405,0.47,Method Not Allowed,,Guest
22d60c72-4146-4dfb-b2fb-0734aae82735,2026-08-06T13:58:45.778928+00:00,GET,/api/v1/system/export-mlops,200,182.51,OK,,Guest
79563ac5-92bb-479b-a7cd-6f3afe3f2ba8,2026-08-06T13:58:45.397911+00:00,HEAD,/api/v1/system/export-mlops,405,0.49,Method Not Allowed,,Guest
4a4f580b-8b42-470a-ab02-ae25622e02b8,2026-08-06T13:57:45.779739+00:00,GET,/api/v1/system/export-mlops,200,171.87,OK,,Guest
14da3fd4-90f5-4900-ab54-e7b5131939ee,2026-08-06T13:57:45.378831+00:00,HEAD,/api/v1/system/export-mlops,405,0.59,Method Not Allowed,,Guest
28f8edd8-ac79-4d59-9a93-c19f00d6392a,2026-08-06T13:56:45.578538+00:00,GET,/api/v1/system/export-mlops,200,151.54,OK,,Guest
0757bbac-fb4e-45eb-a5a1-944bbbdd831f,2026-08-06T13:56:45.326004+00:00,HEAD,/api/v1/system/export-mlops,405,0.43,Method Not Allowed,,Guest
34fb887c-922c-41d0-a873-aad7c65ee001,2026-08-06T13:55:45.863488+00:00,GET,/api/v1/system/export-mlops,200,228.47,OK,,Guest
963bf5ab-efdb-458e-849b-312e0ca56fcf,2026-08-06T13:55:45.443632+00:00,HEAD,/api/v1/system/export-mlops,405,0.44,Method Not Allowed,,Guest
beb4c6b6-c0e1-4e27-a7d3-6d969ed90128,2026-08-06T13:54:45.769442+00:00,GET,/api/v1/system/export-mlops,200,149.05,OK,,Guest
b2c48a64-6164-4cbd-85c2-ffed7095b4cc,2026-08-06T13:54:45.396472+00:00,HEAD,/api/v1/system/export-mlops,405,0.49,Method Not Allowed,,Guest
8b0496c5-ed9c-4053-bb7e-fe1a220c33e1,2026-08-06T13:53:49.671190+00:00,GET,/api/v1/system/export-mlops,200,211.08,OK,,Guest
72d53eb3-866a-4864-a380-f8ab10a416ca,2026-08-06T13:53:49.248331+00:00,HEAD,/api/v1/system/export-mlops,405,0.47,Method Not Allowed,,Guest
dc648c94-f5db-4cf7-bfce-e07dc256cf72,2026-08-06T13:53:46.371723+00:00,GET,/api/v1/system/export-mlops,200,150.38,OK,,Guest
bb8df49c-706c-4ebf-8cf8-27657295aa08,2026-08-06T13:53:46.097606+00:00,HEAD,/api/v1/system/export-mlops,405,0.56,Method Not Allowed,,Guest
1381355e-8829-40fb-b3e3-1aa12d0aff02,2026-08-06T13:52:45.668655+00:00,GET,/api/v1/system/export-mlops,200,227.58,OK,,Guest
0c855ef7-ce25-4d0d-87a5-e046c1ebb0f2,2026-08-06T13:52:45.329547+00:00,HEAD,/api/v1/system/export-mlops,405,0.40,Method Not Allowed,,Guest
e3f47d1f-13f2-4122-9788-ae6f0321a64f,2026-08-06T13:51:49.763214+00:00,GET,/api/v1/system/export-mlops,200,153.88,OK,,Guest
b21d4a6d-08ea-46cc-8da7-09c0620ac9bc,2026-08-06T13:51:49.445801+00:00,HEAD,/api/v1/system/export-mlops,405,0.43,Method Not Allowed,,Guest
aa79fcc7-db16-4645-9845-842f7a3d2a01,2026-08-06T13:51:46.369002+00:00,GET,/api/v1/system/export-mlops,200,146.13,OK,,Guest
2caabc0e-0017-49e2-92b0-592f9776e128,2026-08-06T13:51:45.785311+00:00,HEAD,/api/v1/system/export-mlops,405,0.60,Method Not Allowed,,Guest
d686c340-12f2-41d0-ad44-b4550b88bab7,2026-08-06T13:50:45.766502+00:00,GET,/api/v1/system/export-mlops,200,233.30,OK,,Guest
f685eab6-1e25-4d35-9b13-0df065d5798c,2026-08-06T13:50:45.376159+00:00,HEAD,/api/v1/system/export-mlops,405,0.42,Method Not Allowed,,Guest
5b2aa2b3-fdfe-4756-b370-679515c6587d,2026-08-06T13:49:45.568119+00:00,GET,/api/v1/system/export-mlops,200,169.22,OK,,Guest
4c89fa94-1b4d-4324-be56-0f91a220047c,2026-08-06T13:49:45.244271+00:00,HEAD,/api/v1/system/export-mlops,405,0.40,Method Not Allowed,,Guest
589f4ac5-bbf9-404f-8628-591a88d0e494,2026-08-06T13:48:45.566108+00:00,GET,/api/v1/system/export-mlops,200,164.96,OK,,Guest
17bea89b-809b-4332-9143-6fc30ddea8f4,2026-08-06T13:48:45.254839+00:00,HEAD,/api/v1/system/export-mlops,405,0.49,Method Not Allowed,,Guest
acfe9b38-2807-45df-a891-cdfaed2d2bbd,2026-08-06T13:47:45.570786+00:00,GET,/api/v1/system/export-mlops,200,138.97,OK,,Guest
6c844ef7-761a-4e88-a6ae-a6a8f75efaf8,2026-08-06T13:47:45.302773+00:00,HEAD,/api/v1/system/export-mlops,405,0.48,Method Not Allowed,,Guest
de54def5-3b5a-4961-94fb-b23e7d86a18e,2026-08-06T13:46:45.763156+00:00,GET,/api/v1/system/export-mlops,200,279.31,OK,,Guest
d35b1af4-44bb-4391-a20c-a476fa393279,2026-08-06T13:46:45.264458+00:00,HEAD,/api/v1/system/export-mlops,405,0.65,Method Not Allowed,,Guest
9a879aca-2d68-4062-b8be-2a1b03578e1a,2026-08-06T13:45:45.656264+00:00,GET,/api/v1/system/export-mlops,200,142.68,OK,,Guest
a0ee4528-a4f7-4b6c-90ff-23bea3cc1bf0,2026-08-06T13:45:45.330051+00:00,HEAD,/api/v1/system/export-mlops,405,0.50,Method Not Allowed,,Guest
43cdfc9e-fad2-4cd3-b11e-f405622c14f0,2026-08-06T13:44:49.566472+00:00,GET,/api/v1/system/export-mlops,200,209.49,OK,,Guest
18ac55ce-e0e9-4f83-9830-fef6351a6768,2026-08-06T13:44:49.252872+00:00,HEAD,/api/v1/system/export-mlops,405,0.62,Method Not Allowed,,Guest
b9d59bb8-9860-4fac-b06e-085adba272a9,2026-08-06T13:44:46.475915+00:00,GET,/api/v1/system/export-mlops,200,1002.15,OK,,Guest
eeac19d8-ca68-4799-bd44-231396d98c3e,2026-08-06T13:44:45.316222+00:00,HEAD,/api/v1/system/export-mlops,405,0.49,Method Not Allowed,,Guest
9a0663a3-e42d-47b0-8337-a93e0999da9d,2026-08-06T13:43:50.862518+00:00,GET,/api/v1/system/export-mlops,200,331.40,OK,,Guest
fbb596a0-3429-4965-b618-25700d8992f0,2026-08-06T13:43:49.991381+00:00,HEAD,/api/v1/system/export-mlops,405,0.61,Method Not Allowed,,Guest
181e72ae-3552-4249-9ddb-f1024ad686c2,2026-08-06T13:42:45.761468+00:00,GET,/api/v1/system/export-mlops,200,145.48,OK,,Guest
65922fe1-02fd-41ff-aa29-74d98a00219f,2026-08-06T13:42:45.434321+00:00,HEAD,/api/v1/system/export-mlops,405,0.41,Method Not Allowed,,Guest
a4439c12-0330-4794-ad39-6aba8320446a,2026-08-06T13:41:45.668025+00:00,GET,/api/v1/system/export-mlops,200,234.97,OK,,Guest
17b9cff6-960d-4b52-b1fc-bb061f2ad03d,2026-08-06T13:41:45.292518+00:00,HEAD,/api/v1/system/export-mlops,405,0.50,Method Not Allowed,,Guest
8b6382a4-db86-4426-8a96-3885b88a7b68,2026-08-06T13:40:45.968708+00:00,GET,/api/v1/system/export-mlops,200,209.94,OK,,Guest
c3c8f6d1-4d1a-491a-892c-6a82b277a691,2026-08-06T13:40:45.249993+00:00,HEAD,/api/v1/system/export-mlops,405,0.56,Method Not Allowed,,Guest
fa5a18a1-2417-4a69-9f69-0a35458477e3,2026-08-06T13:39:49.663987+00:00,GET,/api/v1/system/export-mlops,200,186.95,OK,,Guest
7f8a9823-45ef-4a0b-864e-5729dd95d15a,2026-08-06T13:39:49.259147+00:00,HEAD,/api/v1/system/export-mlops,405,0.55,Method Not Allowed,,Guest
1de4b4bc-8b5e-43e1-9872-aff8d9042bc9,2026-08-06T13:39:47.363397+00:00,GET,/api/v1/system/export-mlops,200,178.59,OK,,Guest
0c2edff8-47e0-4ee3-b686-c1e0d9eb7687,2026-08-06T13:39:47.036191+00:00,HEAD,/api/v1/system/export-mlops,405,0.45,Method Not Allowed,,Guest
820c5575-bec9-400e-86e1-d73455ceceb8,2026-08-06T13:38:49.761612+00:00,GET,/api/v1/system/export-mlops,200,218.54,OK,,Guest
daba2091-6b36-4365-9e01-45e76d1c986b,2026-08-06T13:38:49.359451+00:00,HEAD,/api/v1/system/export-mlops,405,0.62,Method Not Allowed,,Guest
b3ce38d9-e255-4b3e-84b9-933ef414ddaa,2026-08-06T13:38:47.069116+00:00,GET,/api/v1/system/export-mlops,200,139.88,OK,,Guest
13b7d71f-fd0c-4d88-a9ac-efd689272bbd,2026-08-06T13:38:45.274150+00:00,HEAD,/api/v1/system/export-mlops,405,0.44,Method Not Allowed,,Guest
1444f7f2-a663-4b39-9167-ebdc9d98f1e7,2026-08-06T13:37:45.763494+00:00,GET,/api/v1/system/export-mlops,200,300.30,OK,,Guest
6aba7439-7d7e-482e-b4c1-6fac53c7ea45,2026-08-06T13:37:45.269059+00:00,HEAD,/api/v1/system/export-mlops,405,0.65,Method Not Allowed,,Guest
a67fbdfa-2ad5-4aaa-bd07-8a20e9f64f9e,2026-08-06T13:36:50.473264+00:00,GET,/api/v1/system/export-mlops,200,188.43,OK,,Guest
fe8a7315-a539-462e-93eb-47fc45388ed6,2026-08-06T13:36:49.273004+00:00,HEAD,/api/v1/system/export-mlops,405,0.46,Method Not Allowed,,Guest
5d3e6910-886f-471d-8a14-5c63d22831b0,2026-08-06T13:36:46.765399+00:00,GET,/api/v1/system/export-mlops,200,163.21,OK,,Guest
fe9d3ed4-9102-4f91-b629-38b8a53476db,2026-08-06T13:36:45.585563+00:00,HEAD,/api/v1/system/export-mlops,405,0.66,Method Not Allowed,,Guest
2874fcff-5347-40da-b7e5-3a2ad80b1d47,2026-08-06T13:35:49.667162+00:00,GET,/api/v1/system/export-mlops,200,154.12,OK,,Guest
a9c593b5-bdec-4e6f-88b2-b285205e12af,2026-08-06T13:35:49.324823+00:00,HEAD,/api/v1/system/export-mlops,405,0.52,Method Not Allowed,,Guest
84c0f00a-ee1d-4249-833f-a36c97d68700,2026-08-06T13:35:46.366744+00:00,GET,/api/v1/system/export-mlops,200,193.88,OK,,Guest
d572452f-caf5-42d4-8ead-fae4b682ebfd,2026-08-06T13:35:45.987806+00:00,HEAD,/api/v1/system/export-mlops,405,0.63,Method Not Allowed,,Guest
e967eeb7-f222-415f-8987-5b3f540d1f51,2026-08-06T13:34:45.774735+00:00,GET,/api/v1/system/export-mlops,200,227.86,OK,,Guest
aec5473c-f41a-4b9e-a887-b75a65b38ccd,2026-08-06T13:34:45.314488+00:00,HEAD,/api/v1/system/export-mlops,405,0.53,Method Not Allowed,,Guest
15900fab-c0d5-443b-97a5-2a5a77b559aa,2026-08-06T13:33:45.875807+00:00,GET,/api/v1/system/export-mlops,200,221.49,OK,,Guest
eb9980d7-fc5f-4aa8-b593-6a8c5d29a50b,2026-08-06T13:33:45.319119+00:00,HEAD,/api/v1/system/export-mlops,405,0.68,Method Not Allowed,,Guest
8948e76c-e5af-4a5a-b89c-64cbe3083c42,2026-08-06T13:32:45.763753+00:00,GET,/api/v1/system/export-mlops,200,133.03,OK,,Guest
2b1806f1-a7c7-4fa8-befd-51aec2f5f4c9,2026-08-06T13:32:45.270581+00:00,HEAD,/api/v1/system/export-mlops,405,0.58,Method Not Allowed,,Guest
e1a72313-e576-49e5-a7ad-4af7fd343fe2,2026-08-06T13:31:45.770098+00:00,GET,/api/v1/system/export-mlops,200,195.24,OK,,Guest
9938e1b8-000b-4910-9816-1cac248f61e1,2026-08-06T13:31:45.357956+00:00,HEAD,/api/v1/system/export-mlops,405,0.58,Method Not Allowed,,Guest
d879450f-bd09-4745-b539-e6078c91dee8,2026-08-06T13:30:55.172427+00:00,GET,/api/v1/system/export-mlops,200,208.92,OK,,Guest
e50587a7-e76f-4d26-b87d-cd6e27f4788c,2026-08-06T13:30:54.295544+00:00,HEAD,/api/v1/system/export-mlops,405,0.60,Method Not Allowed,,Guest
a6890f98-7188-42af-bf17-36e196a982f4,2026-08-06T13:30:53.665653+00:00,GET,/api/v1/system/export-mlops,200,942.00,OK,,Guest
e8dac7f6-1c7b-46eb-85db-d7de770d83fa,2026-08-06T13:30:52.560666+00:00,HEAD,/api/v1/system/export-mlops,405,0.64,Method Not Allowed,,Guest
2956e917-1dcc-4f61-a343-d3230a46b499,2026-08-06T13:30:51.366253+00:00,GET,/api/v1/system/export-mlops,200,229.02,OK,,Guest
42a6cd99-4b85-4086-8c34-b00ec1969877,2026-08-06T13:30:49.545662+00:00,HEAD,/api/v1/system/export-mlops,405,0.67,Method Not Allowed,,Guest
c0019514-4173-4cc0-b669-1aa4c11db4b0,2026-08-06T13:29:59.661624+00:00,GET,/api/v1/system/export-mlops,200,171.80,OK,,Guest
81579da7-a3b6-4259-8b2f-5278969d8537,2026-08-06T13:29:59.300115+00:00,HEAD,/api/v1/system/export-mlops,405,0.49,Method Not Allowed,,Guest
61b5f25b-7329-4cbc-9dfa-528f7998895d,2026-08-06T13:29:57.058044+00:00,GET,/api/v1/system/export-mlops,200,216.31,OK,,Guest
9692d1c2-c038-4ce8-b2c3-2cc22d28d540,2026-08-06T13:29:56.367649+00:00,HEAD,/api/v1/system/export-mlops,405,0.49,Method Not Allowed,,Guest
871ca521-a8f5-47a6-9097-49ab38b85300,2026-08-06T13:29:54.568864+00:00,GET,/api/v1/system/export-mlops,200,164.00,OK,,Guest
e3c15a81-9665-4e1f-b40d-b025724f2295,2026-08-06T13:29:53.332536+00:00,HEAD,/api/v1/system/export-mlops,405,0.47,Method Not Allowed,,Guest
e4238a3c-7523-4a8c-8677-45cce174a6cb,2026-08-06T13:28:49.760299+00:00,GET,/api/v1/system/export-mlops,200,213.54,OK,,Guest
7fc9ca06-4561-4989-969d-839549d94e43,2026-08-06T13:28:49.351505+00:00,HEAD,/api/v1/system/export-mlops,405,0.54,Method Not Allowed,,Guest
d285838d-26fc-4a25-a376-24a6847245c9,2026-08-06T13:28:46.258627+00:00,GET,/api/v1/system/export-mlops,200,177.60,OK,,Guest
3a84a843-6349-4446-93ce-c032736a764b,2026-08-06T13:28:45.523236+00:00,HEAD,/api/v1/system/export-mlops,405,0.46,Method Not Allowed,,Guest
b8906f4a-f6a6-49b5-a8be-2f81811fe58b,2026-08-06T13:27:45.851790+00:00,GET,/api/v1/system/export-mlops,200,211.18,OK,,Guest
d539db7d-96e5-4a9c-a737-8767d2503a1d,2026-08-06T13:27:45.519492+00:00,HEAD,/api/v1/system/export-mlops,405,0.51,Method Not Allowed,,Guest
2e1ac253-efe8-4650-a5e6-cd47adf9fb7f,2026-08-06T13:26:45.953783+00:00,GET,/api/v1/system/export-mlops,200,202.43,OK,,Guest
9cd0b8f0-c977-489a-b368-36bba7f74fc3,2026-08-06T13:26:45.608773+00:00,HEAD,/api/v1/system/export-mlops,405,0.42,Method Not Allowed,,Guest
fe8b87e4-e3d7-463f-a3dd-5159f853f913,2026-08-06T13:25:45.555505+00:00,GET,/api/v1/system/export-mlops,200,158.16,OK,,Guest
1d4b1f1b-ffc4-4632-bb59-bfadcf36bddc,2026-08-06T13:25:45.231648+00:00,HEAD,/api/v1/system/export-mlops,405,0.48,Method Not Allowed,,Guest
3c8bd15b-bffa-4cad-b9e1-845b3463716d,2026-08-06T13:25:29.557742+00:00,GET,/api/v1/system/export-mlops,200,217.69,OK,,Guest
8aebe7f7-8335-45e4-ace0-cb34bb689762,2026-08-06T13:25:29.233097+00:00,HEAD,/api/v1/system/export-mlops,405,0.59,Method Not Allowed,,Guest
290a3f7a-9c46-4299-90d3-94db2f409b55,2026-08-06T13:25:25.947796+00:00,GET,/api/v1/system/export-mlops,200,184.11,OK,,Guest
7ba8db0f-af53-4835-8654-8e62d8421743,2026-08-06T13:25:25.606084+00:00,HEAD,/api/v1/system/export-mlops,405,0.57,Method Not Allowed,,Guest
f20e3473-6097-483e-9f04-32ee859e8f3a,2026-08-06T13:25:19.549907+00:00,GET,/api/v1/system/export-mlops,200,212.60,OK,,Guest
1b670b89-c0a5-4e5a-b469-6b05eb8d77a3,2026-08-06T13:25:19.231695+00:00,HEAD,/api/v1/system/export-mlops,405,0.43,Method Not Allowed,,Guest
87d41193-f3bd-4c6a-a2ea-e96b32ec493d,2026-08-06T13:25:14.547073+00:00,GET,/api/v1/system/export-mlops,200,174.97,OK,,Guest
bca5b537-7b09-4376-aeb6-e18d0afe7536,2026-08-06T13:25:14.232596+00:00,HEAD,/api/v1/system/export-mlops,405,0.58,Method Not Allowed,,Guest
1571bdbc-0e6c-47d7-9268-68967040c97f,2026-08-06T13:25:09.549003+00:00,GET,/api/v1/system/export-mlops,200,165.08,OK,,Guest
243461a7-f7a4-4c75-8ba3-9328b78f0af9,2026-08-06T13:25:09.223190+00:00,HEAD,/api/v1/system/export-mlops,405,0.53,Method Not Allowed,,Guest
1cf66162-486e-4ffc-975c-d00b210510c0,2026-08-06T13:25:04.649353+00:00,GET,/api/v1/system/export-mlops,200,182.82,OK,,Guest
3f1f329c-326f-470c-b59b-93b21dbd3c2c,2026-08-06T13:25:04.269984+00:00,HEAD,/api/v1/system/export-mlops,405,0.51,Method Not Allowed,,Guest
c8c0c13b-52f5-4d26-8a81-172c0929f3cd,2026-08-06T13:24:59.641613+00:00,GET,/api/v1/system/export-mlops,200,223.70,OK,,Guest
249f8a99-f248-43b0-89c0-069b12ff2153,2026-08-06T13:24:59.244401+00:00,HEAD,/api/v1/system/export-mlops,405,0.48,Method Not Allowed,,Guest
9b58e561-e57d-48c7-b361-724a3497e695,2026-08-06T13:24:55.752892+00:00,GET,/api/v1/system/export-mlops,200,200.98,OK,,Guest
8d2d21ec-2de1-4581-89a5-1379610b32ee,2026-08-06T13:24:55.106299+00:00,HEAD,/api/v1/system/export-mlops,405,0.43,Method Not Allowed,,Guest
0b018b27-07de-424e-a96b-b7db97b4f4f4,2026-08-06T13:24:49.554905+00:00,GET,/api/v1/system/export-mlops,200,177.21,OK,,Guest
4ff68fd0-1cde-427e-b60c-8d37ed77cc01,2026-08-06T13:24:49.242683+00:00,HEAD,/api/v1/system/export-mlops,405,0.59,Method Not Allowed,,Guest
4caec8e4-ab95-4b91-a91f-abb7860565ab,2026-08-06T13:24:44.554277+00:00,GET,/api/v1/system/export-mlops,200,205.69,OK,,Guest
32fbf8aa-e02e-4856-bb15-0bfc03a1ddb9,2026-08-06T13:24:44.225469+00:00,HEAD,/api/v1/system/export-mlops,405,0.43,Method Not Allowed,,Guest
d5831626-4474-440b-ba43-04b9a6eda6e5,2026-08-06T13:24:40.350478+00:00,GET,/api/v1/system/export-mlops,200,1008.75,OK,,Guest
772d3b7a-dd98-40ac-aed5-749a81c4c1a6,2026-08-06T13:24:39.244320+00:00,HEAD,/api/v1/system/export-mlops,405,0.60,Method Not Allowed,,Guest
9653f5ae-9f45-4701-b8c3-54edbd949ce3,2026-08-06T13:24:34.537163+00:00,GET,/api/v1/system/export-mlops,200,147.76,OK,,Guest
2639c1f1-22d5-4c17-bdf7-fd79064efe55,2026-08-06T13:24:34.213722+00:00,HEAD,/api/v1/system/export-mlops,405,0.56,Method Not Allowed,,Guest
5c125566-38f0-4eb5-a515-83b9a25b9686,2026-08-06T13:24:29.652841+00:00,GET,/api/v1/system/export-mlops,200,246.48,OK,,Guest
f06626e4-57cf-4128-b91a-7adade167c3c,2026-08-06T13:24:29.216112+00:00,HEAD,/api/v1/system/export-mlops,405,0.54,Method Not Allowed,,Guest
c535abed-5dbf-42b9-9cd0-b592b82fdfba,2026-08-06T13:24:24.550769+00:00,GET,/api/v1/system/export-mlops,200,178.55,OK,,Guest
c15703b6-e13a-461c-8eac-83e90d85f89d,2026-08-06T13:24:24.240648+00:00,HEAD,/api/v1/system/export-mlops,405,0.50,Method Not Allowed,,Guest
86ac9460-09f6-4eaf-bb3e-063a61833304,2026-08-06T13:24:19.553513+00:00,GET,/api/v1/system/export-mlops,200,167.08,OK,,Guest
787479e6-ad88-49e0-887a-ba3ba1130deb,2026-08-06T13:24:19.238379+00:00,HEAD,/api/v1/system/export-mlops,405,0.52,Method Not Allowed,,Guest
48a28e86-d186-4543-a7a7-5f3e01148b5b,2026-08-06T13:24:14.552862+00:00,GET,/api/v1/system/export-mlops,200,201.11,OK,,Guest
ba6d3967-2645-47a5-b8a0-50f0d492e9de,2026-08-06T13:24:14.242881+00:00,HEAD,/api/v1/system/export-mlops,405,0.57,Method Not Allowed,,Guest
e59bf946-b6c3-4c22-b92d-0adc32f4260b,2026-08-06T13:24:09.642604+00:00,GET,/api/v1/system/export-mlops,200,218.37,OK,,Guest
5ca75eed-ffab-4a1e-af64-ea83d5a89d98,2026-08-06T13:24:09.254641+00:00,HEAD,/api/v1/system/export-mlops,405,0.53,Method Not Allowed,,Guest
e091f5f1-f0f8-4a7c-aa64-37b54f1a7a97,2026-08-06T13:24:04.546903+00:00,GET,/api/v1/system/export-mlops,200,194.39,OK,,Guest
00f124f4-df22-46af-a98d-31e68652349e,2026-08-06T13:24:04.254697+00:00,HEAD,/api/v1/system/export-mlops,405,0.54,Method Not Allowed,,Guest
d2d42416-b2c6-4f58-be5f-e06e027cb934,2026-08-06T13:23:59.644604+00:00,GET,/api/v1/system/export-mlops,200,206.35,OK,,Guest
622bbc68-f249-4246-90f2-b095bc8e2760,2026-08-06T13:23:59.237464+00:00,HEAD,/api/v1/system/export-mlops,405,0.56,Method Not Allowed,,Guest
42717f7b-8c48-49c2-a6f7-829d21673fd9,2026-08-06T13:23:54.553475+00:00,GET,/api/v1/system/export-mlops,200,223.76,OK,,Guest
62fd6f9d-0b1e-4534-8d2a-eab702792565,2026-08-06T13:23:54.224622+00:00,HEAD,/api/v1/system/export-mlops,405,0.46,Method Not Allowed,,Guest
5321ef5e-d869-4809-acda-cc9175c5c148,2026-08-06T13:23:49.548919+00:00,GET,/api/v1/system/export-mlops,200,188.94,OK,,Guest
c3f47a32-5d00-4e6e-b7a9-43097df448ec,2026-08-06T13:23:49.224398+00:00,HEAD,/api/v1/system/export-mlops,405,0.70,Method Not Allowed,,Guest
e2714903-761e-49fc-87da-c8d470ba10c9,2026-08-06T13:23:44.541463+00:00,GET,/api/v1/system/export-mlops,200,187.22,OK,,Guest
b189d35c-c958-45cb-aa59-622bf11dc3ff,2026-08-06T13:23:44.254092+00:00,HEAD,/api/v1/system/export-mlops,405,0.55,Method Not Allowed,,Guest
d49d36e1-f6ef-4952-bd6e-fb7a9a6a88b6,2026-08-06T13:23:40.041224+00:00,GET,/api/v1/system/export-mlops,200,207.69,OK,,Guest
d3931d98-7f71-4889-b05d-86d7a34686ef,2026-08-06T13:23:39.731022+00:00,HEAD,/api/v1/system/export-mlops,405,0.44,Method Not Allowed,,Guest
e58c0fea-f83f-40e0-8ef8-6db277f6662b,2026-08-06T13:23:34.843137+00:00,GET,/api/v1/system/export-mlops,200,193.47,OK,,Guest
bd9551a2-4991-42bf-ae47-af0377c58828,2026-08-06T13:23:34.234213+00:00,HEAD,/api/v1/system/export-mlops,405,0.45,Method Not Allowed,,Guest
15d66a9f-b1fd-4816-b439-a3d7ddf0da3c,2026-08-06T13:23:29.649815+00:00,GET,/api/v1/system/export-mlops,200,243.06,OK,,Guest
c2cf27ab-17e2-4571-94df-655b2a55361b,2026-08-06T13:23:29.243733+00:00,HEAD,/api/v1/system/export-mlops,405,0.49,Method Not Allowed,,Guest
58e2e8d7-364e-411a-8e13-80382f2e016e,2026-08-06T13:23:24.638883+00:00,GET,/api/v1/system/export-mlops,200,174.31,OK,,Guest
2981355a-a2f0-4141-88a8-27d0af719558,2026-08-06T13:23:24.226981+00:00,HEAD,/api/v1/system/export-mlops,405,0.45,Method Not Allowed,,Guest
23476594-2318-46ce-a884-ecbc08e830b4,2026-08-06T13:23:19.546240+00:00,GET,/api/v1/system/export-mlops,200,208.84,OK,,Guest
c48296ea-1d9b-4ef4-a579-14599bf04dad,2026-08-06T13:23:19.229364+00:00,HEAD,/api/v1/system/export-mlops,405,0.48,Method Not Allowed,,Guest
c860cc58-d9ee-4052-a47a-7e1418d34b34,2026-08-06T13:23:14.543744+00:00,GET,/api/v1/system/export-mlops,200,169.97,OK,,Guest
229fd197-3304-41f0-95a6-32b4941d4b68,2026-08-06T13:23:14.268213+00:00,HEAD,/api/v1/system/export-mlops,405,0.45,Method Not Allowed,,Guest
7ec0fdb6-3d31-41b6-a374-599fe2fc7917,2026-08-06T13:23:09.546700+00:00,GET,/api/v1/system/export-mlops,200,231.76,OK,,Guest
b6d9e03b-aaa0-4add-ac37-e06cff2fa328,2026-08-06T13:23:09.219671+00:00,HEAD,/api/v1/system/export-mlops,405,0.60,Method Not Allowed,,Guest
e9981917-b171-4fc8-abd2-12a9951a482c,2026-08-06T13:23:05.534822+00:00,GET,/api/v1/system/export-mlops,200,1044.09,OK,,Guest
a60f87ff-1992-4940-a0d6-aa91973cc2fb,2026-08-06T13:23:04.329689+00:00,HEAD,/api/v1/system/export-mlops,405,0.91,Method Not Allowed,,Guest
e83b7fd3-4a24-462e-b564-cfdbd98af46b,2026-08-06T13:22:59.541935+00:00,GET,/api/v1/system/export-mlops,200,135.25,OK,,Guest
b3a21755-b41f-4042-879a-9a2eed4f54bd,2026-08-06T13:22:59.228296+00:00,HEAD,/api/v1/system/export-mlops,405,0.50,Method Not Allowed,,Guest
a5867c3d-7f86-4d46-bba8-a09d26d2ecc0,2026-08-06T13:22:54.941235+00:00,GET,/api/v1/system/export-mlops,200,206.85,OK,,Guest
8869dd20-37d7-487f-b8a9-e9a2ae610528,2026-08-06T13:22:54.614650+00:00,HEAD,/api/v1/system/export-mlops,405,0.72,Method Not Allowed,,Guest
9918f05f-2a95-4719-a918-3b32f5b68672,2026-08-06T13:22:49.537329+00:00,GET,/api/v1/system/export-mlops,200,176.16,OK,,Guest
100d9817-73c0-43be-99ff-a1c3db10baf6,2026-08-06T13:22:49.220381+00:00,HEAD,/api/v1/system/export-mlops,405,0.53,Method Not Allowed,,Guest
c64de662-e84e-46fa-984a-fa64b5b52e1a,2026-08-06T13:22:44.638253+00:00,GET,/api/v1/system/export-mlops,200,186.78,OK,,Guest
ee06b691-1137-4b01-9d6a-48e9778afc36,2026-08-06T13:22:44.240101+00:00,HEAD,/api/v1/system/export-mlops,405,0.49,Method Not Allowed,,Guest
e9470d83-feaf-43a1-92cb-eb961a357434,2026-08-06T13:22:39.536731+00:00,GET,/api/v1/system/export-mlops,200,215.87,OK,,Guest
44a09548-d85c-43ac-ad25-211e6cb4704f,2026-08-06T13:22:39.211595+00:00,HEAD,/api/v1/system/export-mlops,405,0.47,Method Not Allowed,,Guest
affeab93-b9fb-4fb6-83c9-0fe480313162,2026-08-06T13:22:34.544454+00:00,GET,/api/v1/system/export-mlops,200,190.83,OK,,Guest
2190b6b3-4181-42ca-90cb-3cc8220688ba,2026-08-06T13:22:34.245405+00:00,HEAD,/api/v1/system/export-mlops,405,0.43,Method Not Allowed,,Guest
13993fd0-b4a2-4db4-93cf-6901228b8375,2026-08-06T13:22:31.338580+00:00,GET,/api/v1/system/export-mlops,200,209.08,OK,,Guest
3eb4a0d5-2c82-46ff-a94b-2a152812dca6,2026-08-06T13:22:30.992511+00:00,HEAD,/api/v1/system/export-mlops,405,0.63,Method Not Allowed,,Guest
fa21e523-636e-4f8b-9075-2566adb126a7,2026-08-06T13:22:24.532927+00:00,GET,/api/v1/system/export-mlops,200,205.02,OK,,Guest
56ce3a92-606e-4cab-8d15-e4ee499e46ac,2026-08-06T13:22:24.209270+00:00,HEAD,/api/v1/system/export-mlops,405,0.47,Method Not Allowed,,Guest
3fc86c49-94e9-4b46-a25a-394e5a9e54c9,2026-08-06T13:22:19.532043+00:00,GET,/api/v1/system/export-mlops,200,176.19,OK,,Guest
2b4fa21f-94a0-4d6e-85db-a47e8b808b2c,2026-08-06T13:22:19.200260+00:00,HEAD,/api/v1/system/export-mlops,405,0.47,Method Not Allowed,,Guest
f23b601e-6a51-4d81-b286-05a812bdfea4,2026-08-06T13:22:14.733833+00:00,GET,/api/v1/system/export-mlops,200,154.26,OK,,Guest
192164aa-ac06-4757-904e-15970afa9fb7,2026-08-06T13:22:14.241569+00:00,HEAD,/api/v1/system/export-mlops,405,0.57,Method Not Allowed,,Guest
59adcbda-10a0-4310-a932-d66b53cd012c,2026-08-06T13:22:09.533978+00:00,GET,/api/v1/system/export-mlops,200,167.00,OK,,Guest
862fdbcc-4089-4826-8f2b-42b5a0c8e198,2026-08-06T13:22:09.205725+00:00,HEAD,/api/v1/system/export-mlops,405,0.45,Method Not Allowed,,Guest
ee380ae5-2dd8-4b1b-b99d-37baa40a1c98,2026-08-06T13:22:04.625138+00:00,GET,/api/v1/system/export-mlops,200,130.60,OK,,Guest
6a9393be-4926-4a9c-879c-d62e898b5167,2026-08-06T13:22:04.269981+00:00,HEAD,/api/v1/system/export-mlops,405,0.51,Method Not Allowed,,Guest
56eb6c1d-f501-40f2-9897-7e04a53ba344,2026-08-06T13:21:59.535924+00:00,GET,/api/v1/system/export-mlops,200,204.05,OK,,Guest
d04c1e8a-b86a-4de8-bd71-802f56d8a951,2026-08-06T13:21:59.219768+00:00,HEAD,/api/v1/system/export-mlops,405,0.49,Method Not Allowed,,Guest
fec4b62e-d67b-4e19-95ab-4565d51b0e8d,2026-08-06T13:21:54.535491+00:00,GET,/api/v1/system/export-mlops,200,146.72,OK,,Guest
7b0e7d66-0df2-4fdc-9dfa-3bb6af004e48,2026-08-06T13:21:54.204325+00:00,HEAD,/api/v1/system/export-mlops,405,0.51,Method Not Allowed,,Guest
33d5a474-a7af-4b8d-a870-00d336e5df07,2026-08-06T13:21:52.133413+00:00,GET,/api/v1/system/export-mlops,200,184.82,OK,,Guest
dd8acefa-5ea6-4614-9611-49acd03d1276,2026-08-06T13:21:50.906080+00:00,HEAD,/api/v1/system/export-mlops,405,0.68,Method Not Allowed,,Guest
3aea0d97-ae15-4807-a1d9-b0ca9a1268a1,2026-08-06T13:21:44.529304+00:00,GET,/api/v1/system/export-mlops,200,154.50,OK,,Guest
28c19c9c-4f1d-4d67-be09-267d952e9a16,2026-08-06T13:21:44.245583+00:00,HEAD,/api/v1/system/export-mlops,405,0.57,Method Not Allowed,,Guest
7682f606-c011-40e7-8c71-f9abac99e5c6,2026-08-06T13:21:39.530689+00:00,GET,/api/v1/system/export-mlops,200,174.46,OK,,Guest
27061eab-256b-44fb-b52d-341eb408eb39,2026-08-06T13:21:39.233329+00:00,HEAD,/api/v1/system/export-mlops,405,0.41,Method Not Allowed,,Guest
08d265e3-a2e6-4e6b-917f-f2c9b2e06b4c,2026-08-06T13:21:34.441213+00:00,GET,/api/v1/system/export-mlops,200,52.86,OK,,Guest
8dd96d63-65bc-4392-a504-024e940b01b5,2026-08-06T13:21:34.250164+00:00,HEAD,/api/v1/system/export-mlops,405,0.53,Method Not Allowed,,Guest
c0e9478f-27e7-4074-8a33-1ed75469b1d7,2026-08-06T13:21:31.226811+00:00,GET,/api/v1/system/export-mlops,200,909.41,OK,,Guest
bf4ec030-62e9-4fac-9206-f3c9e8c7dc7a,2026-08-06T13:21:29.241924+00:00,HEAD,/api/v1/system/export-mlops,405,0.51,Method Not Allowed,,Guest
c3a5b6d1-3d75-4259-8209-94c9fbe5049a,2026-08-06T13:21:24.631009+00:00,GET,/api/v1/system/export-mlops,200,135.42,OK,,Guest
a8d73bb1-4b86-402d-ab1e-1929632869b5,2026-08-06T13:21:24.284564+00:00,HEAD,/api/v1/system/export-mlops,405,0.58,Method Not Allowed,,Guest
116221c4-c308-4132-9143-98f6afb7a337,2026-08-06T13:21:19.525471+00:00,GET,/api/v1/system/export-mlops,200,179.16,OK,,Guest
2688d202-547b-4e5f-9000-8c922db0bb43,2026-08-06T13:21:19.225322+00:00,HEAD,/api/v1/system/export-mlops,405,0.68,Method Not Allowed,,Guest
5ba671e3-f0c9-4771-848c-4cf12dc9fe12,2026-08-06T13:21:14.819793+00:00,GET,/api/v1/system/export-mlops,200,71.43,OK,,Guest
4cbfab1d-bdf3-4cd8-ab40-ff99fe5898dc,2026-08-06T13:21:14.455456+00:00,HEAD,/api/v1/system/export-mlops,405,0.51,Method Not Allowed,,Guest
0619a8fe-f417-4f4e-a857-46e13e4e3e2e,2026-08-06T13:21:11.025437+00:00,GET,/api/v1/system/export-mlops,200,185.41,OK,,Guest
486fb701-4a16-4779-bc5b-9c6d026e7837,2026-08-06T13:21:10.725160+00:00,HEAD,/api/v1/system/export-mlops,405,0.41,Method Not Allowed,,Guest
22d19a0e-6840-4a5b-a70a-888ae0bac0c2,2026-08-06T13:21:04.627953+00:00,GET,/api/v1/system/export-mlops,200,211.38,OK,,Guest
d874682b-0cc8-4881-9d70-230a3c735a37,2026-08-06T13:21:04.243417+00:00,HEAD,/api/v1/system/export-mlops,405,0.45,Method Not Allowed,,Guest
d28bca62-b9d4-4b68-8a91-01eca742acea,2026-08-06T13:21:00.132049+00:00,GET,/api/v1/system/export-mlops,200,138.73,OK,,Guest
8bb20db1-376c-4c95-9cc2-525ae223ce81,2026-08-06T13:20:59.859287+00:00,HEAD,/api/v1/system/export-mlops,405,0.69,Method Not Allowed,,Guest
7aba1695-3652-439f-882b-a1d1dc59a6bb,2026-08-06T13:20:54.437307+00:00,GET,/api/v1/system/export-mlops,200,73.65,OK,,Guest
7159dfd9-73d2-4c42-9aff-567e3f2b6f6a,2026-08-06T13:20:54.240287+00:00,HEAD,/api/v1/system/export-mlops,405,0.53,Method Not Allowed,,Guest
33cfeaf3-7adf-4429-b249-19cd1172df16,2026-08-06T13:20:49.526177+00:00,GET,/api/v1/system/export-mlops,200,212.83,OK,,Guest
31845842-e3a5-4210-936e-cc24424488b3,2026-08-06T13:20:49.196551+00:00,HEAD,/api/v1/system/export-mlops,405,0.61,Method Not Allowed,,Guest
b5532927-10f6-4d0a-aa3b-259895147aa5,2026-08-06T13:20:44.523969+00:00,GET,/api/v1/system/export-mlops,200,161.06,OK,,Guest
f8b797f1-21ef-4645-a201-cdb894e448c5,2026-08-06T13:20:44.229887+00:00,HEAD,/api/v1/system/export-mlops,405,0.46,Method Not Allowed,,Guest
fbd10ccd-b9fe-46e4-9f5e-9996cbcb286a,2026-08-06T13:20:40.416190+00:00,GET,/api/v1/system/export-mlops,200,108.17,OK,,Guest
06e7539e-524d-4cb8-a1e5-326d729767ba,2026-08-06T13:20:40.112999+00:00,HEAD,/api/v1/system/export-mlops,405,0.43,Method Not Allowed,,Guest
350345a7-e377-4996-9fa9-69748507d1ee,2026-08-06T13:20:37.220368+00:00,GET,/api/v1/system/export-mlops,200,212.03,OK,,Guest
5bfbadcd-0e03-43da-beb4-fb5e12ce13f1,2026-08-06T13:20:36.838994+00:00,HEAD,/api/v1/system/export-mlops,405,0.66,Method Not Allowed,,Guest
a103b8ad-8418-4d9d-ba76-7684b4fd1424,2026-08-06T13:20:32.219752+00:00,GET,/api/v1/system/export-mlops,200,148.12,OK,,Guest
8061c720-0913-4f49-a660-5f8bfbd8b17a,2026-08-06T13:20:31.952509+00:00,HEAD,/api/v1/system/export-mlops,405,0.45,Method Not Allowed,,Guest
9bb6e6a0-8388-4466-9338-1f34be86e8b6,2026-08-06T13:19:45.619192+00:00,GET,/api/v1/system/export-mlops,200,193.15,OK,,Guest
edf87e98-eaff-494f-9eed-ca8aa3d722f6,2026-08-06T13:19:45.315820+00:00,HEAD,/api/v1/system/export-mlops,405,0.64,Method Not Allowed,,Guest
5c22065b-69c6-4ce5-a864-3dd5b980d42e,2026-08-06T13:18:45.804793+00:00,GET,/api/v1/system/export-mlops,200,253.89,OK,,Guest
66e102e8-3dda-4a39-8d76-e2b45d673623,2026-08-06T13:18:45.396903+00:00,HEAD,/api/v1/system/export-mlops,405,0.71,Method Not Allowed,,Guest
92f8d855-d4f6-4ff0-a103-75a36cea0a90,2026-08-06T13:18:20.308388+00:00,GET,/api/v1/system/export-mlops,200,207.52,OK,,Guest
88042675-195a-45ad-a143-1c9220ee5678,2026-08-06T13:18:19.967244+00:00,HEAD,/api/v1/system/export-mlops,405,0.44,Method Not Allowed,,Guest
e97ce373-6966-4185-a72d-1f488704a4bc,2026-08-06T13:18:16.400534+00:00,GET,/api/v1/system/export-mlops,200,195.99,OK,,Guest
86f0ff00-5780-4c2d-b123-3cc3be420f17,2026-08-06T13:18:15.518320+00:00,HEAD,/api/v1/system/export-mlops,405,0.57,Method Not Allowed,,Guest
0b8fd707-8480-466a-b2bd-150c9eda986e,2026-08-06T13:18:09.598585+00:00,GET,/api/v1/system/export-mlops,200,192.51,OK,,Guest
c4998d41-dbad-4d0d-8454-41aea34fcfc2,2026-08-06T13:18:09.195298+00:00,HEAD,/api/v1/system/export-mlops,405,0.58,Method Not Allowed,,Guest
8477aacf-210f-4157-9185-5e8ff1cf5097,2026-08-06T13:18:05.001451+00:00,GET,/api/v1/system/export-mlops,200,136.25,OK,,Guest
69d401bf-1578-494a-b232-56ec46b2babd,2026-08-06T13:18:04.553967+00:00,HEAD,/api/v1/system/export-mlops,405,0.65,Method Not Allowed,,Guest
883953a7-2a04-4d25-a0fe-9ed254f1d51d,2026-08-06T13:18:02.693711+00:00,GET,/api/v1/system/export-mlops,200,215.79,OK,,Guest
338e8a5b-ba7f-462f-b2b7-66749181ef21,2026-08-06T13:18:00.789719+00:00,HEAD,/api/v1/system/export-mlops,405,0.46,Method Not Allowed,,Guest
242b312f-33e7-4941-a1a2-4979092cd96a,2026-08-06T13:17:54.604445+00:00,GET,/api/v1/system/export-mlops,200,184.34,OK,,Guest
6ea900f9-e435-438b-868c-cdedb93dceb8,2026-08-06T13:17:54.221749+00:00,HEAD,/api/v1/system/export-mlops,405,0.56,Method Not Allowed,,Guest
2c8d0a29-1571-4c46-99af-3e29f800b680,2026-08-06T13:17:50.303914+00:00,GET,/api/v1/system/export-mlops,200,890.28,OK,,Guest
a10fe915-ffbe-48ae-9b29-5c618e703071,2026-08-06T13:17:49.211122+00:00,HEAD,/api/v1/system/export-mlops,405,0.62,Method Not Allowed,,Guest
b0e2daff-6a6f-46d2-995b-87885283cec5,2026-08-06T13:17:44.895920+00:00,GET,/api/v1/system/export-mlops,200,193.98,OK,,Guest
4004517a-2480-4945-913f-f063d74d4e66,2026-08-06T13:17:44.377680+00:00,HEAD,/api/v1/system/export-mlops,405,0.57,Method Not Allowed,,Guest
652cb0ca-89c5-47e9-a691-440218e84ff8,2026-08-06T13:17:41.497609+00:00,GET,/api/v1/system/export-mlops,200,212.47,OK,,Guest
c07dc4c2-87f2-4d19-a020-b62d5a4c6647,2026-08-06T13:17:40.369939+00:00,HEAD,/api/v1/system/export-mlops,405,0.49,Method Not Allowed,,Guest
bc8d79d4-530c-426d-9a3a-f5e62d087032,2026-08-06T13:17:34.493070+00:00,GET,/api/v1/system/export-mlops,200,136.42,OK,,Guest
58bbcd41-39ac-4f89-a727-e38d13fd27bd,2026-08-06T13:17:34.207450+00:00,HEAD,/api/v1/system/export-mlops,405,0.51,Method Not Allowed,,Guest
ca3be2f7-7c29-40b2-87cc-c7c1ba4eef8b,2026-08-06T13:17:29.700407+00:00,GET,/api/v1/system/export-mlops,200,260.23,OK,,Guest
7391bd95-63fc-4397-a857-e59c7c5c9a39,2026-08-06T13:17:29.287598+00:00,HEAD,/api/v1/system/export-mlops,405,0.49,Method Not Allowed,,Guest
5496aef5-8f17-4275-bcea-a2154e6ee4d7,2026-08-06T12:59:07.514767+00:00,GET,/favicon.ico,404,0.49,Not Found,,Guest
d4434f6d-4765-4366-a543-978102b790d1,2026-08-06T12:59:07.484881+00:00,GET,/monitoring,200,51.19,OK,,Guest
4155b8e3-6df2-4353-93d2-3e08878d1496,2026-08-06T12:59:07.414492+00:00,GET,/,200,0.59,OK,,Guest
afa57d77-69af-4aa7-a34f-8be142f520b2,2026-08-06T12:59:07.240159+00:00,HEAD,/monitoring,405,0.36,Method Not Allowed,,Guest
1b392731-9e7d-405a-ba59-feea8d6aae36,2026-08-06T12:59:07.218851+00:00,HEAD,/,405,0.37,Method Not Allowed,,Guest
8448ad0a-2c13-4e8c-a0fe-c31f58091f04,2026-08-06T12:59:06.867020+00:00,GET,/favicon.ico,404,0.52,Not Found,,Guest
5d844407-410a-47b6-b5d1-0f51d2fad2fb,2026-08-06T12:59:06.826138+00:00,GET,/favicon.ico,404,0.54,Not Found,,Guest
79ac5cd0-1ff2-4a09-9cda-b7ca246891c4,2026-08-05T10:51:52.245849+00:00,GET,/monitoring,200,281.00,OK,,Guest
2127ee16-46a8-49b7-a9e4-aed583eabf0b,2026-08-05T10:51:43.261622+00:00,GET,/docs/,307,0.00,Temporary Redirect,,Guest
6a187a10-4503-4f97-bd97-bac5454312df,2026-08-05T10:51:04.742922+00:00,GET,/favicon.ico,404,0.00,Not Found,,Guest
3f67bd6f-44b3-4f8c-b3d6-bbd64d9942ea,2026-08-05T10:51:04.485213+00:00,GET,/,200,0.00,OK,,Guest
fff9262c-7c8c-4295-84b8-5b482fe30e34,2026-08-05T10:19:46.937256+00:00,GET,/monitoring,200,47.82,OK,,Guest
a74ece6a-6155-4b1c-984e-04794538c4e3,2026-08-05T10:19:46.789415+00:00,HEAD,/monitoring,405,0.59,Method Not Allowed,,Guest
f41d1c5a-1744-4fa8-a61c-4069e1438dd9,2026-08-05T09:37:15.387826+00:00,GET,/monitoring,200,28.91,OK,,Guest
29053a19-adb5-432d-80ec-24b388376963,2026-08-05T09:36:53.866136+00:00,GET,/,200,0.60,OK,,Guest
1978335c-cbf3-465b-9e69-2886f9ef5eb6,2026-08-05T09:36:25.531219+00:00,GET,/monitoring,200,31.82,OK,,Guest
14446ea2-1125-4a5a-b4c7-73e4cb4cd52e,2026-08-05T09:36:15.276657+00:00,GET,/favicon.ico,404,0.55,Not Found,,Guest
e834610b-d909-411b-83f6-e368c18f86f2,2026-08-05T09:36:15.099994+00:00,GET,/,200,0.76,OK,,Guest
b4148fd0-f5eb-426e-94ed-6be5f1f06402,2026-08-05T09:25:08.211201+00:00,GET,/monitoring,200,37.30,OK,,Guest
5b30d839-f86c-46c4-b99c-1893d0cdf5ef,2026-08-05T09:25:03.854529+00:00,GET,/favicon.ico,404,0.54,Not Found,,Guest
5a47e89e-768a-49ec-bd8b-5977cabd7050,2026-08-05T09:25:03.255188+00:00,GET,/,200,0.62,OK,,Guest
0db4c5cb-eb92-4d4b-997c-c0e4bae2d22c,2026-08-05T09:15:52.606197+00:00,GET,/monitoring,200,46.75,OK,,Guest
0cb639ad-7dae-4f81-a378-83699a00ca88,2026-08-05T09:15:42.184010+00:00,GET,/,200,0.69,OK,,Guest
5410c185-03b3-467c-af24-bcf2450f695b,2026-08-05T09:15:42.068297+00:00,HEAD,/,405,0.45,Method Not Allowed,,Guest
3c86d4af-b1f4-4788-9b05-f6dea0141cbf,2026-08-05T08:22:16.547211+00:00,GET,/favicon.ico,404,0.46,Not Found,,Guest
f8768b73-0c85-409f-99da-136978224158,2026-08-05T08:22:16.029213+00:00,GET,/monitoring,200,48.98,OK,,Guest
bd0bf36c-cf38-4860-9b47-af1476157b34,2026-08-05T08:12:04.671521+00:00,GET,/api/v1/system/export-mlops,200,138.97,OK,,Guest
9b582150-0e4e-498a-aa30-f152a37cfd2b,2026-08-05T08:11:59.369899+00:00,GET,/api/v1/system/export-api-logs,200,41.72,OK,,Guest
5bac1007-40f8-454b-acc9-516e2300f17a,2026-08-05T08:08:09.812408+00:00,GET,/monitoring,200,70.02,OK,,Guest
7c0be009-fcea-4b6c-bcb7-dc09b82950be,2026-08-05T08:07:45.389592+00:00,GET,/favicon.ico,404,0.44,Not Found,,Guest
ded403a4-5f5c-42f8-9f14-03633e6fc99d,2026-08-05T08:07:45.199786+00:00,GET,/,200,0.56,OK,,Guest
6ce34073-a21d-419b-86a0-487d94c527a6,2026-08-05T08:06:01.259860+00:00,GET,/,200,0.65,OK,,Guest
ddc30061-49b3-4972-8eec-da2f87dd3648,2026-08-05T08:05:56.728378+00:00,HEAD,/,405,0.59,Method Not Allowed,,Guest
1646e1a6-ea17-4a2e-8c62-522a3e4fd47b,2026-08-05T06:49:39.342428+00:00,GET,/favicon.ico,404,0.00,Not Found,,Guest
15a50c50-e8d2-458c-a3a2-6c6128b21f92,2026-08-05T06:49:39.002037+00:00,GET,/monitoring,200,735.00,OK,,Guest
2cd82c56-f611-424b-9bd0-9927e51355ad,2026-08-05T06:47:11.436774+00:00,GET,/api/v1/system/export-mlops,200,1015.00,OK,,Guest
19c5cefd-e884-4180-9ea4-6ead967a3f0c,2026-08-05T06:47:10.912825+00:00,GET,/favicon.ico,404,0.00,Not Found,,Guest
1b0d74a1-b193-46d9-9f12-86b634d8a97f,2026-08-05T06:47:01.996529+00:00,GET,/monitoring,200,235.00,OK,,Guest
84c11184-9ed6-4ae1-86e0-f65433dec432,2026-08-05T06:43:55.784527+00:00,GET,/api/v1/system/export-mlops,200,1172.00,OK,,Guest
fc19ffa1-7f73-4a03-81c9-2c70416792b0,2026-08-05T06:43:47.588128+00:00,GET,/favicon.ico,404,0.00,Not Found,,Guest
fed34221-ba8b-4ab4-baaf-4d460d8fc750,2026-08-05T06:43:47.142042+00:00,GET,/monitoring,200,734.00,OK,,Guest
a9510823-0ca6-45d6-b686-67a38cd172d5,2026-08-05T06:43:37.119094+00:00,GET,/api/v1/system/export-mlops,200,344.00,OK,,Guest
25ccad81-e5ad-45c2-b936-22136c40d0f6,2026-08-05T06:37:25.720570+00:00,GET,/api/v1/system/export-mlops,200,375.00,OK,,Guest
d024d727-0e07-4dfa-9829-a0f2706db308,2026-08-05T06:27:57.074396+00:00,GET,/api/v1/system/export-api-logs,200,187.00,OK,,Guest
c2887bd5-5c10-438e-8d6e-8519498d3355,2026-08-05T06:27:54.108473+00:00,GET,/favicon.ico,404,0.00,Not Found,,Guest
d73c0352-881f-4003-8512-97e1ec0ad7d5,2026-08-05T06:27:53.841205+00:00,GET,/monitoring,200,734.00,OK,,Guest
a4e01d56-5c97-45cc-b476-2aa3dc2ad20b,2026-08-05T06:20:43.680581+00:00,GET,/monitoring,200,219.00,OK,,Guest
f6e31294-f741-4819-b65f-83a15c1a2b89,2026-08-05T06:20:29.681854+00:00,GET,/monitoring,200,234.00,OK,,Guest
54a6c762-a247-4639-8f40-30bc37c77160,2026-08-05T06:20:20.347224+00:00,GET,/api/v1/users/profiles,200,187.00,OK,,1c9b68d5-b2cc-4bd7-ac5e-095109fdcd52
7fdc4a62-9c21-471a-b7a9-03091639d34b,2026-08-05T06:20:00.050569+00:00,POST,/api/v1/auth/login,200,672.00,OK,,Guest
a6fe24e9-e58f-404a-b6d5-33d02de01434,2026-08-05T06:19:45.279702+00:00,GET,/docs/,307,0.00,Temporary Redirect,,Guest
18d22738-b821-45ea-9f31-05e877835a04,2026-08-05T06:19:14.294685+00:00,GET,/api/v1/system/export-api-logs,200,172.00,OK,,Guest
29a3329e-1af6-4648-b8d5-36fea5f7c7f0,2026-08-05T06:19:00.055086+00:00,GET,/api/v1/system/export-api-logs,200,812.00,OK,,Guest
736e2cf0-32ae-4868-99a3-095f99ed6043,2026-08-05T06:18:59.754603+00:00,GET,/favicon.ico,404,0.00,Not Found,,Guest
1b2e88dc-c36a-43d0-8b64-d239495bf386,2026-08-05T06:18:51.598220+00:00,GET,/monitoring,200,234.00,OK,,Guest
434a6688-0889-4620-a167-c9e2f3d2c3e4,2026-08-05T06:15:08.611704+00:00,GET,/api/v1/system/export-api-logs,200,719.00,OK,,Guest
8e9424a5-4bcc-4a4e-a200-f0249a3d0051,2026-08-05T06:14:52.624232+00:00,GET,/api/v1/system/export-api-logs,200,188.00,OK,,Guest
6aaae75a-d1a2-42dd-acf4-3b192e9a2d20,2026-08-05T06:12:34.258697+00:00,GET,/api/v1/system/export-api-logs,200,703.00,OK,,Guest
914eb5f8-d518-4a6b-983e-47ede887b82a,2026-08-05T06:07:38.194579+00:00,GET,/favicon.ico,404,0.00,Not Found,,Guest
4bf8cd80-83de-43f3-a6ea-6d699203b3cb,2026-08-05T06:07:37.773103+00:00,GET,/monitoring,200,219.00,OK,,Guest
5d7abebb-69e8-4419-bf76-7baf93e24d6d,2026-08-05T06:06:56.020826+00:00,POST,/api/v1/trips/43842aab-b13d-4dfa-8354-5a2799ad50b6/end,200,219.00,OK,,Guest
aaebeaa1-e40e-46b0-8d89-9a569335ce06,2026-08-05T06:06:53.105073+00:00,PATCH,/api/v1/trips/43842aab-b13d-4dfa-8354-5a2799ad50b6/track,200,141.00,OK,,Guest
9c19f2a6-f29b-4e84-a7a9-abf677a70310,2026-08-05T06:06:48.274522+00:00,PATCH,/api/v1/trips/43842aab-b13d-4dfa-8354-5a2799ad50b6/track,200,547.00,OK,,Guest
1fb14ba1-4400-4976-b822-eb155d70d820,2026-08-05T06:06:45.044118+00:00,POST,/api/v1/trips/start,201,547.00,Created,,Guest
ce891b7d-89db-4138-a8f0-aef87869959c,2026-08-05T06:06:41.709142+00:00,POST,/api/v1/trips/routes/recommend,200,1641.00,OK,,Guest
c4d302f9-34ee-4951-b6ee-6ca99d4c798c,2026-08-05T06:01:49.445731+00:00,GET,/favicon.ico,404,0.00,Not Found,,Guest
6fb774fa-8eb7-4213-8984-52bf43f02634,2026-08-05T06:01:49.146493+00:00,GET,/monitoring,200,234.00,OK,,Guest
0526f66d-4a85-4962-91b1-58c769314004,2026-08-05T06:01:46.902929+00:00,GET,/favicon.ico,404,0.00,Not Found,,Guest
8a167e51-6e33-48e5-a559-e8a823bc082b,2026-08-05T06:01:37.650995+00:00,GET,/monitoring,200,250.00,OK,,Guest
73ea87df-8340-4f37-a607-92f43bf1eac6,2026-08-05T05:58:18.089869+00:00,GET,/monitoring,200,890.00,OK,,Guest
e1546f8d-5272-45e6-aaea-65226ad9ea72,2026-08-05T05:58:17.700698+00:00,GET,/favicon.ico,404,0.00,Not Found,,Guest
9738dd4b-53b3-4e11-acb6-724669456323,2026-08-05T05:58:08.653391+00:00,GET,/monitoring,200,234.00,OK,,Guest
b136653d-5dd7-4447-b51f-f03a44ff0939,2026-08-05T05:56:00.722151+00:00,GET,/monitoring,200,875.00,OK,,Guest
d36a6386-3395-4109-9897-a38fd1968375,2026-08-05T05:56:00.376702+00:00,GET,/favicon.ico,404,16.00,Not Found,,Guest
1288991a-455f-490f-b6ba-e1bfbb99fc36,2026-08-05T05:55:51.455328+00:00,GET,/monitoring,200,265.00,OK,,Guest
7ccafbbf-71be-474d-ba31-1e92b85fd60c,2026-08-05T05:44:05.741772+00:00,GET,/favicon.ico,404,0.00,Not Found,,Guest
29474f33-3128-45b2-9616-1477e973ff33,2026-08-05T05:44:05.233760+00:00,GET,/monitoring,200,766.00,OK,,Guest
65760789-bc1d-430a-8b57-b0393528eba2,2026-08-05T05:43:55.802156+00:00,GET,/monitoring,200,468.00,OK,,Guest
1372ce11-af97-4535-91d0-adce5aa42d1a,2026-08-05T05:35:33.169251+00:00,GET,/favicon.ico,404,0.00,Not Found,,Guest
650f5025-1891-4b6c-836d-6a942ea11db9,2026-08-05T05:35:32.990194+00:00,GET,/monitoring,200,234.00,OK,,Guest
292fb6b1-f669-4e7c-abff-eb39cc822000,2026-08-05T05:35:14.326534+00:00,GET,/monitoring,200,782.00,OK,,Guest
568c904d-add4-4a2c-847b-35b84624e420,2026-08-05T05:25:48.637766+00:00,GET,/,200,16.00,OK,,Guest
d1802a83-38d8-4f4a-9c76-db577743b541,2026-08-05T03:54:56.929449+00:00,DELETE,/api/v1/users/emergency-contacts/2db83e05-ea09-47e4-8817-0bbd0bc2c1cc,200,141.00,OK,,Guest
184f1e8d-c9a1-49ff-b452-5bede6797fd4,2026-08-05T03:54:56.664089+00:00,PUT,/api/v1/users/emergency-contacts/2db83e05-ea09-47e4-8817-0bbd0bc2c1cc,200,250.00,OK,,Guest
75bd3cfc-671e-406f-a1e0-3d033785b27d,2026-08-05T03:54:56.282299+00:00,POST,/api/v1/users/emergency-contacts,201,281.00,Created,,Guest
2561a106-5527-476f-8845-69d3518ff854,2026-08-05T03:54:55.882140+00:00,POST,/api/v1/emergency/contacts,404,0.00,Not Found,,Guest
8538f361-8b6f-440d-8fe5-2363410b2de4,2026-08-05T03:54:55.726929+00:00,GET,/api/v1/users/preferences,200,157.00,OK,,Guest
0a878980-3fe9-498a-9561-1604809bdac7,2026-08-05T03:54:55.390406+00:00,PUT,/api/v1/users/preferences,200,171.00,OK,,Guest
d2fd23bf-41bd-4cc5-ace0-0c7535d865b3,2026-08-05T03:54:55.099631+00:00,GET,/api/v1/users/preferences,200,359.00,OK,,Guest
42bd2c8d-ce47-45e7-bfd0-a22e6d8cc285,2026-08-05T03:54:54.636708+00:00,PUT,/api/v1/users/profiles,200,296.00,OK,,Guest
f8263ac8-20ea-4a95-9fa3-0433b01f5b2c,2026-08-05T03:54:54.230441+00:00,GET,/api/v1/users/profiles,200,125.00,OK,,Guest
f552992b-03ac-45a4-b24e-c592ff430128,2026-08-05T03:54:53.993436+00:00,POST,/api/v1/auth/login,200,1094.00,OK,,Guest
afec8778-209e-4bd6-99da-2a646b754452,2026-08-05T03:54:44.275322+00:00,POST,/api/v1/auth/register,201,1422.00,Created,,Guest
5f5f7d1d-d50d-4328-bddf-5ff8a039bd46,2026-08-04T18:01:56.620556+00:00,GET,/api/v1/openapi.json,200,47.00,OK,,Guest
02fd2183-9219-488c-bd92-b35660d6996a,2026-08-04T17:54:26.747680+00:00,GET,/api/v1/openapi.json,200,31.00,OK,,Guest
9c3d1f7b-0ddc-4101-aa32-9a12f7807159,2026-08-04T17:53:27.885717+00:00,GET,/api/v1/openapi.json,200,32.00,OK,,Guest
3205b3ef-5b40-47aa-9418-7081d34b9711,2026-08-04T16:28:29.348997+00:00,DELETE,/api/v1/users/emergency-contacts/6aef7499-d0ee-43b2-a1e3-a6c6a799102e,200,156.00,,,Guest
37a3ddf9-cc8a-40e9-ba91-a1fe939f96b4,2026-08-04T16:28:29.078275+00:00,PUT,/api/v1/users/emergency-contacts/6aef7499-d0ee-43b2-a1e3-a6c6a799102e,200,266.00,,,Guest
e2fd2fd6-e1a3-4c23-96f0-26323fda0ced,2026-08-04T16:28:28.689103+00:00,POST,/api/v1/users/emergency-contacts,201,297.00,,,Guest
974e5d53-cc76-4ed1-adbf-5751b20ca4d1,2026-08-04T16:28:28.283301+00:00,POST,/api/v1/emergency/contacts,404,0.00,,,Guest
7994330b-ddea-463d-95bb-d0c934bfc75a,2026-08-04T16:28:28.162009+00:00,GET,/api/v1/users/preferences,200,141.00,,,Guest
127a517d-131f-4278-882b-b0b923d5a053,2026-08-04T16:28:27.891896+00:00,PUT,/api/v1/users/preferences,200,187.00,,,Guest
fb4ce92a-b33d-44f0-889a-d8b96ffc951f,2026-08-04T16:28:27.594292+00:00,GET,/api/v1/users/preferences,200,375.00,,,Guest
b5c38344-dabc-4f8c-b028-687f4709161c,2026-08-04T16:28:27.104767+00:00,PUT,/api/v1/users/profiles,200,297.00,,,Guest
b0e06248-e6cc-41f9-8efd-3a14d4ab95fe,2026-08-04T16:28:26.685653+00:00,GET,/api/v1/users/profiles,200,125.00,,,Guest
b66769e0-e297-46d3-97b8-7dab6966ee1a,2026-08-04T16:28:26.432899+00:00,POST,/api/v1/auth/login,200,1156.00,,,Guest
8fef9720-5d40-4237-b193-727852ed54c9,2026-08-04T16:28:17.657490+00:00,POST,/api/v1/auth/register,201,735.00,,,Guest
88f49123-9bb3-444c-9d58-60db0c2296e0,2026-08-04T16:26:18.880103+00:00,POST,/api/v1/auth/login,200,593.00,,,Guest
98c346ae-96da-49a9-b498-9be8d0f60de3,2026-08-04T16:24:51.896225+00:00,GET,/api/v1/users/profiles,200,125.00,,,Guest
b2c7cd65-c4c1-4ca1-8153-18e9be9847b3,2026-08-04T16:24:51.655788+00:00,POST,/api/v1/auth/login,200,1109.00,,,Guest
40f3b091-5bc8-4c66-9414-a21ac9627711,2026-08-04T16:24:42.334767+00:00,POST,/api/v1/auth/register,201,891.00,,,Guest
59fe2950-9cc4-4317-bc0c-62a33cb4911d,2026-08-04T15:47:35.852877+00:00,DELETE,/api/v1/users/emergency-contacts/cdf728f0-f5c3-42a4-9487-c462592a34bc,200,157.00,,,Guest
21ba416a-d607-4bcd-acd1-17827a879af4,2026-08-04T15:47:35.576787+00:00,PUT,/api/v1/users/emergency-contacts/cdf728f0-f5c3-42a4-9487-c462592a34bc,200,281.00,,,Guest
acbfbbc6-673a-4b5a-80da-75d0fc373b3c,2026-08-04T15:47:35.186555+00:00,POST,/api/v1/users/emergency-contacts,201,297.00,,,Guest
33794296-fef5-435f-95aa-35aed94b4eb6,2026-08-04T15:47:34.771827+00:00,POST,/api/v1/emergency/contacts,404,0.00,,,Guest
c92c0e7f-753a-4c01-8972-67cb2216566a,2026-08-04T15:47:34.651159+00:00,GET,/api/v1/users/preferences,200,109.00,,,Guest
a8f1382c-4167-4b45-bd6e-484b61b32589,2026-08-04T15:47:34.411468+00:00,PUT,/api/v1/users/preferences,200,156.00,,,Guest
34e13f88-e288-4ffa-a99d-bea68bf5cca8,2026-08-04T15:47:34.138327+00:00,GET,/api/v1/users/preferences,200,266.00,,,Guest
a8519d18-6e01-44a9-b9ef-fae2037c69e2,2026-08-04T15:47:33.739483+00:00,PUT,/api/v1/users/profiles,200,312.00,,,Guest
b3dfa270-fe13-479a-9afc-7681ed57a59b,2026-08-04T15:47:33.183734+00:00,GET,/api/v1/users/profiles,200,125.00,,,Guest
be859ef5-16f8-4ea7-9a33-9842cc0afadc,2026-08-04T15:47:32.931744+00:00,POST,/api/v1/auth/login,200,1157.00,,,Guest
fd76700e-0da5-416e-8d2f-b97405733a8d,2026-08-04T15:47:23.931786+00:00,POST,/api/v1/auth/register,201,1438.00,,,Guest
867edf9c-8027-4b90-8afa-2e53fa732ec0,2026-08-04T08:22:25.807486+00:00,GET,/api/v1/openapi.json,200,39.57,,,Guest
96ca4ed4-2e19-47a7-b9a7-9d2d9da6b8ff,2026-08-04T08:22:25.048289+00:00,GET,/favicon.ico,404,0.52,,,Guest
641507f8-ffb7-4ee6-a1f0-ae411e7ce056,2026-08-03T18:19:36.969416+00:00,GET,/api/v1/openapi.json,200,111.77,,,Guest
63b0c2ca-fe03-4d32-bc50-d468637e92b1,2026-08-03T18:19:35.915184+00:00,GET,/,200,1.19,,,Guest
d12dcb87-5968-456a-a672-90eb0ec1b576,2026-08-03T18:19:35.712017+00:00,HEAD,/,405,0.41,,,Guest
b4187619-b107-4ff5-a02f-36eba068a06e,2026-08-03T18:19:35.451907+00:00,GET,/favicon.ico,404,0.54,,,Guest
60225f25-3695-4967-898a-a74c81356d44,2026-08-03T18:19:35.283814+00:00,GET,/favicon.ico,404,0.60,,,Guest
212ffeb4-eae7-4cac-9f29-b73deb4ce669,2026-08-03T18:02:43.878729+00:00,GET,/api/v1/openapi.json,200,90.14,,,Guest
612e2800-c159-48aa-b173-e20d15cf4e33,2026-08-03T18:02:43.269163+00:00,GET,/favicon.ico,404,0.41,,,Guest
220da9a8-4a6b-405a-b446-3de24da93c13,2026-08-03T15:24:44.713965+00:00,GET,/favicon.ico,404,15.12,,,Guest
97449c98-010c-41dc-9744-4ea84a5e92dc,2026-08-03T15:24:44.698919+00:00,GET,/apple-touch-icon-precomposed.png,404,0.99,,,Guest
cb10546c-92e0-4779-ad4a-eadffa46a14a,2026-08-03T15:24:44.682433+00:00,GET,/apple-touch-icon.png,404,0.48,,,Guest
5016c1c7-2020-464a-8b12-3a27b750bbc3,2026-08-03T15:24:44.555317+00:00,GET,/api/v1/openapi.json,200,0.95,,,Guest
a0132587-6872-4e42-9c6c-2f849f30a9ba,2026-08-03T15:11:54.079034+00:00,GET,/favicon.ico,404,0.47,,,Guest
a635f524-bce7-44c6-a660-f987bec83d88,2026-08-03T15:11:53.911077+00:00,GET,/apple-touch-icon.png,404,0.49,,,Guest
e5de0d23-4855-4ee4-abd2-feb31f2c0915,2026-08-03T15:11:53.812530+00:00,GET,/apple-touch-icon-precomposed.png,404,0.42,,,Guest
26c86799-8c33-40c9-b233-5087927388bb,2026-08-03T15:11:53.705394+00:00,GET,/apple-touch-icon-120x120.png,404,0.68,,,Guest
222ca626-aa6d-47c1-a2dd-e6d027d08323,2026-08-03T15:11:53.595693+00:00,GET,/apple-touch-icon-120x120-precomposed.png,404,0.68,,,Guest
c0b46994-4500-466c-95e7-9d0412c16c6c,2026-08-03T15:11:53.481604+00:00,GET,/favicon.ico,404,0.57,,,Guest
ae4bdedf-61c7-42b9-94fc-78473e103a3b,2026-08-03T15:11:53.380183+00:00,GET,/apple-touch-icon.png,404,0.54,,,Guest
a1c7346c-0f67-4e1e-90ce-78246d6b0ecf,2026-08-03T15:11:53.216097+00:00,GET,/apple-touch-icon-precomposed.png,404,0.43,,,Guest
d8665d5e-e41d-4320-b5f4-ad0aca6dbf5b,2026-08-03T15:11:52.970397+00:00,GET,/apple-touch-icon-precomposed.png,404,31.60,,,Guest
ace1eecb-fe3a-4cf4-9567-5c27922bf7c7,2026-08-03T15:11:52.954563+00:00,GET,/favicon.ico,404,15.92,,,Guest
cc63837e-d799-429e-814f-18d26526aa49,2026-08-03T15:11:52.938837+00:00,GET,/apple-touch-icon.png,404,1.21,,,Guest
e3608843-bbc1-41b0-b2f5-b23b84a41c3e,2026-08-03T15:11:52.921938+00:00,GET,/api/v1/openapi.json,200,0.79,,,Guest
f58e1504-c9a4-42a1-aed0-381ad4845db8,2026-08-03T15:11:52.904095+00:00,GET,/apple-touch-icon-120x120.png,404,0.49,,,Guest
89e36fd4-67fa-4b8e-ae3a-cbda2209a1e9,2026-08-03T15:06:34.966968+00:00,GET,/api/v1/openapi.json,200,47.74,,,Guest
d4ab2185-19e2-42b1-a380-2b075da0b412,2026-08-03T14:39:02.970792+00:00,GET,/api/v1/openapi.json,200,100.15,,,Guest
60f90cb4-7049-411e-9757-457baff8a12c,2026-08-03T14:38:33.305755+00:00,GET,/favicon.ico,404,0.45,,,Guest
92de4a58-3171-4967-b04b-878485b7fa10,2026-08-03T06:50:25.342875+00:00,GET,/api/v1/openapi.json,200,28.50,,,Guest
0f01817e-1fd7-41ac-a82a-5da9c145444e,2026-08-03T06:49:58.083966+00:00,GET,/favicon.ico,404,0.41,,,Guest
61d42a86-1830-4305-ad9d-1b65f0224ece,2026-08-03T05:17:59.706236+00:00,GET,/api/v1/openapi.json,200,1.03,,,Guest
c7fab079-4e66-4d74-99d9-68f7bb9d6304,2026-08-03T05:14:57.774118+00:00,GET,/api/v1/openapi.json,200,95.61,,,Guest
f858849c-0c82-459c-9e2f-344599143a07,2026-08-03T05:14:35.939148+00:00,GET,/,200,1.01,,,Guest
203668ab-a3d0-48e4-8d06-9957c5f8aefa,2026-08-03T05:14:35.604787+00:00,HEAD,/,405,0.65,,,Guest
190fc4d4-a19f-46e7-8694-3d95534831f5,2026-08-03T05:14:35.282168+00:00,GET,/favicon.ico,404,0.51,,,Guest
3cb5a8fa-fabd-4508-bf3f-f4929d3fd372,2026-08-03T04:50:09.352722+00:00,GET,/api/v1/openapi.json,200,33.87,,,Guest
7c56782a-0803-462f-95a6-5a1fce64d8ba,2026-08-03T04:49:55.998884+00:00,GET,/,200,0.76,,,Guest
a7a219e7-5ebd-4114-a584-6422c667c1cb,2026-08-03T04:49:55.912387+00:00,HEAD,/,405,0.43,,,Guest
755c09cf-2599-42d1-bcd8-bfa5b102b4f7,2026-08-03T04:31:28.926501+00:00,GET,/,200,0.65,,,Guest
c0c13313-f694-4ecc-a125-2538e69095f5,2026-08-03T04:31:25.620551+00:00,HEAD,/,405,0.46,,,Guest
8443f6f6-f41d-4bae-8565-0c1126a31424,2026-08-03T04:30:29.524084+00:00,GET,/,200,1.61,,,Guest
8fa90f1a-1cbf-4425-8982-311d50785aea,2026-08-03T04:30:22.570420+00:00,HEAD,/,405,0.60,,,Guest
f33a76f3-2a1d-4857-abc0-7af415bd1a8f,2026-08-03T03:55:22.829962+00:00,GET,/api/v1/users/emergency-contacts,200,125.00,,,Guest
a031f72e-cd74-4a4d-8b62-e38047cd7bd1,2026-08-03T03:55:19.796998+00:00,POST,/api/v1/emergency/sos/581d3178-e274-4fb0-96be-7f6638261082/end,200,156.00,,,Guest
4a9eb0e4-e2da-40ae-9bc2-3073a8f47513,2026-08-03T03:55:16.694313+00:00,POST,/api/v1/trips/e4b8fee9-5e38-4c91-b8b8-9d04a197e1f6/end,200,203.00,,,Guest
ca32f54c-cbb0-43a3-a6fd-2fb2ddfa844a,2026-08-03T03:55:13.571683+00:00,GET,/api/v1/emergency/sos/581d3178-e274-4fb0-96be-7f6638261082/track,200,375.00,,,Guest
8a354362-5f07-4c7e-9388-f92874f0be45,2026-08-03T03:55:10.325990+00:00,PATCH,/api/v1/emergency/sos/581d3178-e274-4fb0-96be-7f6638261082/location,200,218.00,,,Guest
3c0beba1-7f46-4518-96a9-2be8419b228c,2026-08-03T03:55:07.289994+00:00,POST,/api/v1/emergency/sos,201,406.00,,,Guest
418bf890-a2a0-4351-a306-af46248abf67,2026-08-03T03:55:04.093904+00:00,POST,/api/v1/reports,201,203.00,,,Guest
e7ca6c95-8f33-4c0a-bf3a-7d9975797e9b,2026-08-03T03:55:01.059644+00:00,PATCH,/api/v1/trips/e4b8fee9-5e38-4c91-b8b8-9d04a197e1f6/track,200,562.00,,,Guest
5e80099f-e8cb-4e10-8b8e-65c48042baf2,2026-08-03T03:54:57.685221+00:00,POST,/api/v1/trips/start,201,296.00,,,Guest
51016d4b-734f-4f6a-bfff-591e8094d57f,2026-08-03T03:54:54.561007+00:00,GET,/api/v1/safe-points,200,421.00,,,Guest
d4ff3816-840f-4763-8591-9e6b1c728fe4,2026-08-03T03:54:51.205538+00:00,POST,/api/v1/trips/routes/recommend,200,1234.00,,,Guest
6500f805-49eb-4f26-9367-b26da72373ba,2026-08-03T03:54:47.022042+00:00,GET,/api/v1/trips/destination-risk,200,94.00,,,Guest
4bb8d2c0-ccdb-48ef-b7d1-ec419f97ce9f,2026-08-03T03:54:44.147110+00:00,POST,/api/v1/users/emergency-contacts,201,734.00,,,Guest
41216ca9-e3ff-4d85-8b34-0ad9589ac916,2026-08-03T03:54:40.434377+00:00,POST,/api/v1/auth/login,401,1031.00,,,Guest
3010aeb1-372f-4aec-9ffe-80ba0f20d58a,2026-08-03T03:54:36.448745+00:00,POST,/api/v1/auth/register,201,1437.00,,,Guest
faaba13d-f5fb-4ffd-8792-71fdd4de496c,2026-08-03T03:49:29.810396+00:00,GET,/api/v1/users/emergency-contacts,404,0.00,,,Guest
3ab8dea4-cc78-46fd-8e96-76f6217c080d,2026-08-03T03:49:26.975882+00:00,POST,/api/v1/trips/9fee9fec-af80-4193-882b-6a6c13818888/end,200,219.00,,,Guest
49bae7c1-2845-4e57-ab6e-b329e201c7a9,2026-08-03T03:49:23.802744+00:00,POST,/api/v1/emergency/sos,404,0.00,,,Guest
ed781f3b-580f-4191-88c2-ea7537a97cee,2026-08-03T03:49:20.843761+00:00,POST,/api/v1/reports,404,0.00,,,Guest
10f748db-48bc-4e09-b88e-954aa7c2ef0e,2026-08-03T03:49:17.891681+00:00,PATCH,/api/v1/trips/9fee9fec-af80-4193-882b-6a6c13818888/track,200,500.00,,,Guest
b273a9ac-7bc4-43f1-8080-271fd922fe9e,2026-08-03T03:49:14.535127+00:00,POST,/api/v1/trips/start,201,407.00,,,Guest
e3f25723-53a2-4e55-b71a-6a8c0d067231,2026-08-03T03:49:11.063064+00:00,GET,/api/v1/safe-points,200,593.00,,,Guest
381c8d27-7fb7-4984-92af-bcd0bd3e7d8b,2026-08-03T03:49:07.505296+00:00,POST,/api/v1/trips/routes/recommend,200,2313.00,,,Guest
869366ad-3884-42c6-b080-f3c81a3c2e6e,2026-08-03T03:49:02.238616+00:00,GET,/api/v1/trips/destination-risk,200,156.00,,,Guest
1a5b2fe6-0c02-4032-93d6-692fe22541da,2026-08-03T03:48:59.214166+00:00,POST,/api/v1/users/emergency-contacts,404,0.00,,,Guest
4232664a-533d-4368-ba82-b6aae29d70bf,2026-08-03T03:48:56.241583+00:00,POST,/api/v1/auth/login,401,968.00,,,Guest
ae2f0263-a9f4-4690-b9ec-9820621d3d52,2026-08-03T03:48:52.408064+00:00,POST,/api/v1/auth/register,201,1219.00,,,Guest
7284899a-1179-4a9f-9735-417aaa7f0786,2026-08-03T03:46:03.812423+00:00,POST,/api/v1/users/emergency-contacts,404,0.00,,,Guest
eb8ecd93-5be9-44a8-99cd-b46ba88d2a43,2026-08-03T03:46:01.030448+00:00,POST,/api/v1/auth/login,401,719.00,,,Guest
913bb87e-f57c-490e-85aa-59c1935c3c17,2026-08-03T03:45:57.533087+00:00,POST,/api/v1/auth/login,401,625.00,,,Guest
7c213786-2a82-4b24-b429-e7a3dd432de8,2026-08-03T03:45:54.148072+00:00,POST,/api/v1/auth/register,201,797.00,,,Guest
023bfad3-dfb6-450e-9265-36f97e6e02a8,2026-08-03T03:45:17.228460+00:00,POST,/api/v1/auth/register,201,1156.00,,,Guest
69cfcc1e-62ec-4743-b0fa-386d14a1bced,2026-08-02T19:32:46.947912+00:00,GET,/api/v1/openapi.json,200,5.66,,,Guest
29638d46-2356-4158-9b65-20248a92d5b4,2026-08-02T19:32:38.586112+00:00,GET,/api/v1/openapi.json,200,16.00,,,Guest
d8eaf98e-3a5d-4b7e-82bf-840d335e4a37,2026-08-02T19:16:02.226240+00:00,GET,/api/v1/openapi.json,200,6.14,,,Guest
44de94ef-fbe9-4c1e-b59d-033d55641ff3,2026-08-02T18:52:15.573014+00:00,GET,/api/v1/auth/me,401,0.00,,,Guest
f7b509df-d4a0-4f77-b5e5-9e4b19399857,2026-08-02T18:51:51.260024+00:00,POST,/api/v1/auth/login,401,344.00,,,Guest
e0c38fa2-b858-434b-b17b-8bbd79bba735,2026-08-02T18:50:48.654417+00:00,POST,/api/v1/auth/login,401,922.00,,,Guest
3aa5cb31-c019-4363-8123-73996087cf95,2026-08-02T18:50:34.259952+00:00,POST,/api/v1/auth/login,401,578.00,,,Guest
5a316ff8-4e43-4ef0-abde-2e87f655a740,2026-08-02T18:49:48.658945+00:00,GET,/api/v1/openapi.json,200,15.00,,,Guest
f53e2634-c417-43ce-bfa7-4d4804daf78f,2026-08-02T18:05:20.543461+00:00,PATCH,/api/v1/trips/4aa0fe89-466d-46b7-b463-edcb0eb4f2f4/track,200,1984.00,,,Guest
6be3c31c-22d9-496b-99aa-229d5a5460e9,2026-08-02T18:05:13.435270+00:00,POST,/api/v1/trips/start,201,1062.00,,,Guest
bd0a958f-6269-4ada-a34d-393470ec0b2b,2026-08-02T18:05:09.642142+00:00,GET,/api/v1/safe-points,200,1500.00,,,Guest
56f4b1c3-fa4a-4f6c-a7e1-2c5ede44d352,2026-08-02T18:02:00.912673+00:00,GET,/api/v1/safe-points,200,1078.00,,,Guest
b20331b2-993f-48b5-9094-94c73f7af218,2026-08-02T18:01:28.493584+00:00,PATCH,/api/v1/trips/4e89dc21-452d-493c-9a8f-3749179ea7ba/track,200,968.00,,,Guest
76a58021-1fbc-46fd-8cf2-c7bb8abd73de,2026-08-02T18:01:22.799487+00:00,POST,/api/v1/trips/start,201,922.00,,,Guest
8db9fede-dd63-4870-961a-555ad3e91b54,2026-08-02T18:01:13.978614+00:00,GET,/api/v1/safe-points,200,219.00,,,Guest
51095c6b-ddc6-44ab-aff6-41ccd78dcf0a,2026-08-02T18:00:22.636601+00:00,PATCH,/api/v1/trips/7d037f49-c021-45d6-bb1c-de47fd6e3f2c/track,200,500.00,,,Guest
1f7bba32-2574-4f01-98c6-b444be48aa33,2026-08-02T18:00:19.346591+00:00,POST,/api/v1/trips/start,201,219.00,,,Guest
b1017b9f-8b9e-4c51-a0b0-3dd7f48f0022,2026-08-02T18:00:16.437312+00:00,GET,/api/v1/safe-points,200,2359.00,,,Guest
b9b18da8-6f1b-4e23-a89e-4d9b6df27c33,2026-08-02T17:59:35.855522+00:00,POST,/api/v1/trips/start,201,797.00,,,Guest
4f35f329-8238-4537-bc71-068193ccfcb4,2026-08-02T17:59:26.936899+00:00,GET,/api/v1/safe-points,200,594.00,,,Guest
18f3ff17-c29d-4c72-bd7c-9e64eba3c978,2026-08-02T17:55:27.802933+00:00,POST,/api/v1/trips/66a20d2a-44ff-4cdb-994d-4691280b55ab/end,200,203.00,,,Guest
ed680840-529f-4d7f-bd4d-8a4dd4f1b45b,2026-08-02T17:55:24.798868+00:00,PATCH,/api/v1/trips/66a20d2a-44ff-4cdb-994d-4691280b55ab/track,200,140.00,,,Guest
400a53db-da37-45d5-9de5-aec999b5351c,2026-08-02T17:55:19.979051+00:00,PATCH,/api/v1/trips/66a20d2a-44ff-4cdb-994d-4691280b55ab/track,200,516.00,,,Guest
dc55457e-0380-44fa-9a5b-02972b57e075,2026-08-02T17:55:16.792795+00:00,POST,/api/v1/trips/start,201,1625.00,,,Guest
f8a0fea7-19c0-4928-acea-bd2164f9f11b,2026-08-02T17:55:06.967912+00:00,POST,/api/v1/trips/routes/recommend,200,1000.00,,,Guest
41d206e8-a018-4018-b3bf-c2bad0aa307e,2026-08-02T17:53:36.231377+00:00,POST,/api/v1/trips/27710372-e793-452b-a7dd-e7a0f9d51704/end,200,485.00,,,Guest
bd40bdbd-cf50-4ab1-a2f4-321293cb785f,2026-08-02T17:53:32.995259+00:00,POST,/api/v1/trips/27710372-e793-452b-a7dd-e7a0f9d51704/track,405,0.00,,,Guest
26388bc9-10db-4e8f-b218-28659b4333bf,2026-08-02T17:53:28.274125+00:00,POST,/api/v1/trips/27710372-e793-452b-a7dd-e7a0f9d51704/track,405,0.00,,,Guest
04ae946b-77b8-4c3f-a187-a81be1bf1692,2026-08-02T17:53:25.590764+00:00,POST,/api/v1/trips/start,201,875.00,,,Guest
56202f44-f6cb-41df-ae00-375f4a95fdd2,2026-08-02T17:53:16.590478+00:00,POST,/api/v1/trips/routes/recommend,200,1000.00,,,Guest
cd005742-505c-4df3-b2e3-d47b9b7c8b91,2026-08-02T17:52:46.846278+00:00,POST,/api/v1/trips/start,201,969.00,,,Guest
13c4a0b2-253c-4bf1-857a-6757dbd9dea8,2026-08-02T17:52:37.263329+00:00,POST,/api/v1/trips/routes/recommend,200,1484.00,,,Guest
ed246c7f-45b3-49c2-bc4a-a035885076f7,2026-08-02T17:49:28.544252+00:00,POST,/api/v1/trips/routes/recommend,200,1593.00,,,Guest
a41ea6bb-868f-4137-a370-54f5ef418ced,2026-08-02T17:48:35.773926+00:00,POST,/api/v1/trips/start,422,0.00,,,Guest
14d88e25-fa59-4445-9723-60f2d98befe0,2026-08-02T17:48:33.040731+00:00,POST,/api/v1/trips/routes/recommend,200,1781.00,,,Guest
cf70fc65-ec3e-486d-81b7-02f5b052cba4,2026-08-02T17:45:45.600103+00:00,POST,/api/v1/trips/routes/recommend,500,2031.00,,,Guest
909f3fcb-41fa-4d6e-83cd-9024351ec0e4,2026-08-02T17:32:02.017096+00:00,POST,/api/v1/trips/routes/recommend,500,1734.00,,,Guest
0b77f1d0-4d4c-42f4-b1ef-cc01e74e1fdf,2026-08-02T17:30:28.708841+00:00,POST,/api/v1/trips/routes/recommend,500,1109.00,,,Guest
10cde578-d30d-4703-a4bb-0485382a283e,2026-08-02T17:29:13.540214+00:00,POST,/api/v1/trips/start,422,15.00,,,Guest
60aed975-e929-492e-9d89-2b3a84b5048f,2026-08-02T17:29:04.446976+00:00,POST,/api/v1/trips/routes/recommend,200,2687.00,,,Guest
008b1eb4-b282-4e85-82ec-ae10e2332a3c,2026-08-02T16:49:38.906073+00:00,GET,/api/v1/safe-points,401,15.00,,,Guest
def630be-2a5e-4f04-a07e-537d22000aff,2026-08-02T15:03:51.482014+00:00,PATCH,/api/v1/trips/edc9d34b-948d-4b84-b9e8-78b59fc4b9a9/track,200,2046.00,,,Guest
035f45e2-1795-4f6b-b8ed-f660feb1ab8b,2026-08-02T15:03:46.583261+00:00,POST,/api/v1/trips/start,201,469.00,,,Guest
342fb312-46f9-4746-98da-9e55a1039c29,2026-08-02T15:03:01.026689+00:00,PATCH,/api/v1/trips/5404aa38-c1fc-4b3e-97d9-9364d89b7668/track,200,203.00,,,Guest
a37f083a-c92c-4085-9a43-93cebbbfd7bf,2026-08-02T15:02:58.047888+00:00,POST,/api/v1/trips/start,201,266.00,,,Guest
2d64b4fa-dcd2-4fb1-a6b4-dddb958167e9,2026-08-02T14:57:36.409141+00:00,PATCH,/api/v1/trips/916d2141-7cbc-4449-9d6d-715d082b9e21/track,200,1047.00,,,Guest
94a01557-0b47-4fb6-88d6-b9cfd8c5b3b0,2026-08-02T14:57:25.362588+00:00,POST,/api/v1/trips/start,201,937.00,,,Guest
cc3aa850-cdc8-4d66-b337-29de6d2ef2ef,2026-08-02T13:44:10.830045+00:00,PATCH,/api/v1/trips/713b4435-c269-451d-ba68-862e34dd302d/track,404,187.00,,,Guest
244a0ad2-9f52-400a-be7a-5acba6866749,2026-08-02T13:44:07.934098+00:00,POST,/api/v1/trips/713b4435-c269-451d-ba68-862e34dd302d/end,200,203.00,,,Guest
29cab183-60c5-43b7-a131-f0ecf39d3859,2026-08-02T13:44:05.025487+00:00,PATCH,/api/v1/trips/713b4435-c269-451d-ba68-862e34dd302d/track,200,157.00,,,Guest
65576322-5193-488f-a25e-a9c673f5f7b1,2026-08-02T13:44:02.019700+00:00,PATCH,/api/v1/trips/713b4435-c269-451d-ba68-862e34dd302d/track,200,2125.00,,,Guest
578b72c5-9145-4253-8e4d-1691ad87ab51,2026-08-02T13:43:57.115172+00:00,POST,/api/v1/trips/start,201,782.00,,,Guest
31f2d1ab-fe96-456f-bf84-537871e9a8bf,2026-08-02T13:42:00.787060+00:00,POST,/api/v1/trips/89bf6397-d4cd-4224-b83e-d72e4259d282/end,200,235.00,,,Guest
a7e4a377-abeb-4e7a-adf6-de4f5b6df6d4,2026-08-02T13:41:57.815931+00:00,PATCH,/api/v1/trips/89bf6397-d4cd-4224-b83e-d72e4259d282/track,200,140.00,,,Guest
5fbd194a-dee0-416d-a88b-6a740e8d70a1,2026-08-02T13:41:54.916784+00:00,PATCH,/api/v1/trips/89bf6397-d4cd-4224-b83e-d72e4259d282/track,200,1438.00,,,Guest
79aca098-8b29-4062-bc9f-ca82b8d96123,2026-08-02T13:41:50.735556+00:00,POST,/api/v1/trips/start,201,250.00,,,Guest
33f919ed-99ff-41c6-a43f-7b16f1041688,2026-08-02T13:40:56.733296+00:00,POST,/api/v1/trips/945e8a7f-b3cf-4a44-aa40-e57a7c30b29f/end,200,203.00,,,Guest
505aad2a-f806-436b-9708-2552e6e8f065,2026-08-02T13:40:53.804573+00:00,PATCH,/api/v1/trips/945e8a7f-b3cf-4a44-aa40-e57a7c30b29f/track,200,172.00,,,Guest
ac52c6f4-b073-4cda-91ab-64f39dbe84cf,2026-08-02T13:40:50.761205+00:00,PATCH,/api/v1/trips/945e8a7f-b3cf-4a44-aa40-e57a7c30b29f/track,200,2703.00,,,Guest
617a64e6-c29b-4778-b944-7a16a60af855,2026-08-02T13:40:45.294823+00:00,POST,/api/v1/trips/start,201,344.00,,,Guest
9b7a87a8-aeaf-45fb-be9e-eefeea01c498,2026-08-02T13:29:53.075192+00:00,POST,/api/v1/trips/start,404,16.00,,,Guest
2f11d665-3853-47a7-b072-5dc64132c7c3,2026-08-02T07:16:07.682373+00:00,GET,/api/v1/openapi.json,200,4.78,,,Guest
1e6d6a5f-bd7a-469f-9535-a071e886bb56,2026-08-02T06:56:50.116551+00:00,GET,/api/v1/openapi.json,200,5.75,,,Guest
ab9e79ba-2302-456d-aeb7-ddb10fdb8b67,2026-08-02T06:56:31.442954+00:00,GET,/,404,0.45,,,Guest
8687fd91-3b11-4979-a74d-a184070971fa,2026-08-02T06:56:31.337882+00:00,HEAD,/,404,0.45,,,Guest
c194c895-508d-4f49-84a7-bad8a27eb467,2026-08-02T06:56:31.106804+00:00,GET,/favicon.ico,404,0.50,,,Guest
b8474dd1-650d-43f8-953b-7f439886b86e,2026-08-01T19:13:38.749716+00:00,POST,/api/v1/trips/routes/recommend,200,1172.00,,,Guest
0d2fdc62-9776-4b70-b344-d7e74d821fe0,2026-08-01T19:08:58.216223+00:00,POST,/api/v1/trips/routes/recommend,200,1125.00,,,Guest
4ec3c65c-61e8-424a-afdc-287d070976ae,2026-08-01T19:08:54.364969+00:00,POST,/api/v1/trips/routes/recommend,200,1360.00,,,Guest
4f961a95-c8b3-4f0c-ac27-958014ecd94b,2026-08-01T19:08:50.332052+00:00,POST,/api/v1/trips/routes/recommend,200,1093.00,,,Guest
818bdec3-9750-49d5-8943-5e6fd94712ee,2026-08-01T19:08:46.590204+00:00,POST,/api/v1/trips/routes/recommend,200,1531.00,,,Guest
672ce9fe-795c-4a3f-8b78-4b2be7960736,2026-08-01T19:07:18.336584+00:00,GET,/api/v1/openapi.json,200,31.00,,,Guest
6ba95157-604d-4652-aa7c-635a16175238,2026-08-01T19:06:56.699832+00:00,POST,/api/v1/auth/login,200,891.00,,,Guest
0d97e4ac-d9b5-4d10-880a-7be0c6915f79,2026-08-01T17:01:48.876080+00:00,POST,/api/v1/trips/routes/recommend,200,922.00,,,Guest
e4adc0e0-7fbc-47a1-b200-60e9894593c9,2026-08-01T17:01:45.236551+00:00,POST,/api/v1/trips/routes/recommend,200,1375.00,,,Guest
28369cb5-83a8-4a9d-86b7-b9e0c234cd34,2026-08-01T16:38:37.036595+00:00,POST,/api/v1/trips/routes/recommend,200,1438.00,,,Guest
4af9058d-47ac-4cce-a43c-fbb5450f6667,2026-08-01T15:53:21.963438+00:00,POST,/api/v1/trips/routes/recommend,200,1359.00,,,Guest
b74856ef-abff-45d6-a364-e08489eea3d1,2026-08-01T15:53:17.836928+00:00,POST,/api/v1/trips/routes/recommend,200,1265.00,,,Guest
d7da1809-7ead-4467-91e0-02f0ae2b49ae,2026-08-01T15:53:13.763877+00:00,POST,/api/v1/trips/routes/recommend,200,1391.00,,,Guest
d70083a3-9b23-46cc-9dab-b34d22455229,2026-08-01T15:41:05.238644+00:00,POST,/api/v1/trips/routes/recommend,200,1250.00,,,Guest
3c1df6cf-7347-4fe7-bba0-46876ec16061,2026-08-01T15:39:34.908294+00:00,POST,/api/v1/trips/routes/recommend,200,1141.00,,,Guest
17b0c761-a9ba-4ef9-8073-387f99af5169,2026-08-01T15:38:46.526180+00:00,POST,/api/v1/trips/routes/recommend,422,0.00,,,Guest
4e08ef18-d810-4c90-9b01-a894c54480fd,2026-08-01T15:38:05.572251+00:00,POST,/api/v1/trips/routes/recommend,422,0.00,,,Guest
0cab80f7-bdb8-4308-92d8-cffe419125db,2026-08-01T15:29:40.315005+00:00,POST,/api/v1/auth/register,201,1612.50,,,Guest
66d0989e-0f22-4699-afd7-12c33b80d4cf,2026-08-01T15:29:38.575010+00:00,OPTIONS,/api/v1/auth/register,200,0.27,,,Guest
190e99ee-6eea-4b3a-983d-14dae1a5eaad,2026-08-01T15:25:38.287541+00:00,GET,/api/v1/openapi.json,200,0.50,,,Guest
134d0482-e335-4693-9c2d-a37326468a62,2026-08-01T15:25:38.214739+00:00,HEAD,/api/v1/openapi.json,200,0.53,,,Guest
e3809949-f365-4183-86c0-30dfa9856ac7,2026-08-01T15:22:19.791011+00:00,GET,/api/v1/trips/destination-risk,200,110.00,,,Guest
917a8217-18b2-4cdc-8b78-4dca315f2569,2026-08-01T15:22:10.001411+00:00,GET,/docs-yaml,404,0.37,,,Guest
5e81dc6e-43e2-49c5-8f6e-7695aa0f62ea,2026-08-01T15:22:09.882166+00:00,HEAD,/docs-yaml,404,0.35,,,Guest
6cde7817-44f7-4874-927d-e0f512186058,2026-08-01T15:21:43.903716+00:00,GET,/api/v1/trips/destination-risk,200,110.00,,,Guest
705e3916-cf57-4ab1-9dad-d339c24a1b6e,2026-08-01T15:20:57.425733+00:00,GET,/api/v1/openapi.json,200,4.99,,,Guest
a53ae884-a3c2-4c49-820c-27e97c5ed2f7,2026-08-01T15:20:57.076815+00:00,GET,/,404,0.37,,,Guest
c7d8c867-b574-4150-8549-5a125ce431bf,2026-08-01T15:20:57.008803+00:00,HEAD,/,404,0.86,,,Guest
bf3f559a-f41a-4782-ae87-da721ad5687b,2026-08-01T15:20:46.942377+00:00,GET,/api/v1/trips/destination-risk,500,15.00,,,Guest
877858c3-f9f0-4314-b759-2c03b2120412,2026-08-01T15:19:42.078649+00:00,GET,/api/v1/trips/destination-risk,500,15.00,,,Guest
379558a3-828c-4e77-85da-3472a0863fce,2026-08-01T15:19:25.303987+00:00,GET,/api/v1/trips/destination-risk,401,0.00,,,Guest
aaa71339-3917-4274-a37d-37dcca2d9361,2026-08-01T15:18:52.460195+00:00,GET,/api/v1/trips/destination-risk,500,31.00,,,Guest
74643760-fbb2-412b-8342-d39e11f9c607,2026-08-01T15:18:34.911548+00:00,GET,/api/v1/trips/destination-risk,500,16.00,,,Guest
5f2e7552-f734-450c-8a52-f8c5b95d7885,2026-08-01T15:12:29.678974+00:00,GET,/api/v1/trips/destination-risk,500,0.00,,,Guest
a55eaeae-b05f-4e62-8684-fdc8b9a2bbf1,2026-08-01T15:11:00.614504+00:00,POST,/api/v1/auth/login,200,922.00,,,Guest
e9e36931-64a0-4808-bc72-b3d39351e02d,2026-08-01T15:10:45.877657+00:00,GET,/api/v1/openapi.json,200,31.00,,,Guest
c3007eaf-6062-4208-94a5-16984e4a572b,2026-08-01T14:56:36.265912+00:00,GET,/,404,0.35,,,Guest
726b6298-8d0b-4399-b697-632a3aa93356,2026-08-01T14:55:55.328948+00:00,GET,/favicon.ico,404,0.40,,,Guest
4f912d44-2322-4eb5-868b-14f40a5f360d,2026-08-01T14:55:52.900375+00:00,GET,/api/v1/openapi.json,200,0.37,,,Guest
bf4c9932-b6ba-4a5f-a653-4d7c8680a85f,2026-08-01T14:46:25.377148+00:00,GET,/api/v1/openapi.json,200,4.61,,,Guest
13e3426e-504b-4bbd-9425-f647593ce873,2026-08-01T13:09:40.222166+00:00,GET,/api/v1/openapi.json,200,7.23,,,Guest
5eb7de41-d607-407a-bea8-74a2abf56458,2026-08-01T13:09:39.082326+00:00,GET,/favicon.ico,404,0.42,,,Guest
a4c1b290-06d1-4518-b3e5-13527a35f15e,2026-08-01T09:17:19.027557+00:00,POST,/api/v1/trips/routes/recommend,500,953.00,,,Guest
5be10abf-0853-406e-929f-10650d87adeb,2026-08-01T09:16:30.460111+00:00,POST,/api/v1/auth/login,200,687.00,,,Guest
55407260-d05d-4870-8a5e-8eeec7529c95,2026-08-01T09:16:03.131989+00:00,GET,/api/v1/openapi.json,200,15.00,,,Guest
2c9acb63-ab52-4531-8f45-6ad53ccf7839,2026-07-31T19:24:18.596099+00:00,GET,/api/v1,404,0.35,,,Guest
e7f07290-e391-4698-a01b-e75094c81cf0,2026-07-31T19:21:36.834122+00:00,GET,/,404,0.34,,,Guest
e5aae81e-227c-40cd-a875-6ee9cc937b01,2026-07-31T19:21:36.803724+00:00,GET,/favicon.ico,404,0.46,,,Guest
a4931061-79e1-42d5-bab5-f244eabaaafe,2026-07-31T19:21:36.616228+00:00,HEAD,/,404,0.38,,,Guest
03a3ca93-2d3c-430d-aefc-d3e58f3fe336,2026-07-31T18:51:10.057436+00:00,GET,/api/v1/openapi.json,200,0.42,,,Guest
c5043004-4c49-460b-baaa-3f998a673a26,2026-07-31T18:38:05.830938+00:00,GET,/api/v1/openapi.json,200,6.37,,,Guest
32dc2bff-a7be-428f-bb80-5a67a52e8f68,2026-07-31T18:37:59.551055+00:00,GET,/favicon.ico,404,0.36,,,Guest
48622588-fc31-4366-9b45-6052bee16805,2026-07-31T18:37:58.858611+00:00,GET,/,404,0.36,,,Guest
e5bf96cb-36e4-48fd-9543-96669d595ef1,2026-07-31T18:37:49.041463+00:00,GET,/favicon.ico,404,0.47,,,Guest
2784d4c9-f327-44a1-a2be-ca3bce587d06,2026-07-31T17:53:08.025777+00:00,GET,/api/v1/openapi.json,200,16.00,,,Guest
2a4b56d1-968b-4db6-978a-fd962bd5e1a7,2026-07-31T17:49:42.630710+00:00,GET,/api/v1/openapi.json,200,47.00,,,Guest
c0d51c08-7c14-4055-82cd-27e14f8caddc,2026-07-31T17:49:38.044541+00:00,GET,/api/docs,404,0.00,,,Guest
7611e57e-e5fb-4795-b02b-17ee5700dfe0,2026-07-31T17:10:46.988466+00:00,GET,/api/v1/openapi.json,200,4.61,,,Guest
60dd04ce-7e22-4ab3-87cb-a89893210dd3,2026-07-31T17:10:36.443082+00:00,GET,/,404,0.38,,,Guest
af401d5e-edca-4af8-b503-23654fb81f16,2026-07-31T17:10:36.359244+00:00,HEAD,/,404,0.51,,,Guest
54128fa4-f177-4699-b62c-b2e28525d80a,2026-07-31T17:10:36.165133+00:00,GET,/favicon.ico,404,0.38,,,Guest
cd4c58c3-ef40-48c9-a833-a2c0a892557b,2026-07-31T16:10:42.775860+00:00,GET,/api/v1/openapi.json,200,0.46,,,Guest
70b516c0-3b86-426f-94bb-6605e4f6a3ca,2026-07-31T16:07:54.197382+00:00,GET,/api/v1/openapi.json,200,1.47,,,Guest
a724d927-2b69-45b2-bd1e-654a6ef5ebc3,2026-07-31T16:07:23.772436+00:00,GET,/api/v1/openapi.json,200,0.43,,,Guest
2a5cd8a4-ce3c-46f7-b5d3-ef8767d3cd68,2026-07-31T16:06:18.483269+00:00,GET,/,404,0.32,,,Guest
aeef5626-e5eb-493c-8345-f21e539192b7,2026-07-31T16:06:06.852721+00:00,GET,/api/v1/openapi.json,200,0.38,,,Guest
3ca520d7-560b-4174-a5fc-a8954ce8e75c,2026-07-31T16:04:03.518415+00:00,GET,/favicon.ico,404,0.73,,,Guest
a0324900-95bd-4cd4-a719-2765240c9388,2026-07-31T16:03:59.361229+00:00,GET,/,404,0.31,,,Guest
bc927efe-5323-4e3e-82b2-a13a366e44c5,2026-07-31T16:03:33.826028+00:00,GET,/api/v1/auth/me,200,1.70,,,Guest
10a0de37-50b2-4b27-9b68-75778cea29a7,2026-07-31T16:03:12.495137+00:00,POST,/api/v1/auth/login,200,1460.76,,,Guest
89a5f7c5-d3c8-4b9c-8c9f-791715ac84fe,2026-07-31T16:02:44.320805+00:00,POST,/api/v1/auth/register,201,1565.85,,,Guest
f8c14e5d-e573-4587-96b9-e03180f7daa2,2026-07-31T16:02:33.601694+00:00,POST,/api/v1/auth/register,400,16.18,,,Guest
0ad92d62-c5c3-406f-b2a6-1f86350e79e6,2026-07-31T16:02:25.411912+00:00,HEAD,/,404,0.36,,,Guest
789d68ee-5d76-4843-a711-095cb7efabad,2026-07-31T16:02:05.404404+00:00,POST,/api/v1/auth/register,422,4.92,,,Guest
5022d470-a3ff-4b1f-bb82-417823153da2,2026-07-31T16:01:52.080750+00:00,GET,/api/v1/openapi.json,200,6.82,,,Guest
2426d11b-6333-4fc4-aae7-69eff41aaeef,2026-07-31T16:01:47.384871+00:00,GET,/favicon.ico,404,0.43,,,Guest
e8fb82f8-9022-4133-b1ba-0733ccccf8c6,2026-07-31T16:01:47.175668+00:00,GET,/,404,0.51,,,Guest
d45adeee-265c-477f-8b11-d4ae75b410c1,2026-07-31T16:01:39.027136+00:00,GET,/,404,0.43,,,Guest
0405965d-0b6b-4eef-a9c3-18372da0fc4e,2026-07-31T15:51:16.430230+00:00,POST,/api/v1/auth/login,200,656.00,,,Guest
e30ab181-22fe-4fc0-8ec9-5f8f43874c8e,2026-07-31T15:51:02.279938+00:00,GET,/api/v1/openapi.json,200,0.00,,,Guest
4bb3ff80-9dfc-4b11-a34c-eb473f3eaf04,2026-07-31T15:50:59.481808+00:00,GET,/favicon.ico,404,0.00,,,Guest
10eb024a-90f3-4301-aa35-e23cd876f46d,2026-07-31T15:50:59.254672+00:00,GET,/api/docs,404,0.00,,,Guest
4f304013-35c1-4c14-97d5-1e00d89c6b20,2026-07-31T14:57:01.075391+00:00,GET,/api/v1/auth/me,200,0.00,,,Guest
4b0eb8f6-3470-4ef3-aadf-c6cb8096ae8a,2026-07-31T14:56:41.929917+00:00,POST,/api/v1/auth/login,200,594.00,,,Guest
d0ff1715-ca28-417f-80d1-32113e13b531,2026-07-31T14:56:31.150375+00:00,POST,/api/v1/auth/login,200,594.00,,,Guest
b53eabe8-2a2e-4718-be5c-fe57544d8b82,2026-07-31T14:56:14.967139+00:00,GET,/api/v1/openapi.json,200,0.00,,,Guest
7a0a2721-e622-4fc4-b6d1-1dc79588d81a,2026-07-31T14:56:11.010176+00:00,GET,/api/v1/auth/me,200,0.00,,,Guest
64531529-178b-4f90-b56d-e76a1f438779,2026-07-31T14:54:01.088807+00:00,GET,/api/v1/auth/me,200,0.00,,,Guest
0f93d6ee-c25f-4411-8355-d043d9b32794,2026-07-31T14:53:59.168300+00:00,GET,/api/v1/auth/me,200,0.00,,,Guest
8be7e552-64d0-44d7-a598-e460800daa54,2026-07-31T14:53:41.060265+00:00,POST,/api/v1/auth/login,200,656.00,,,Guest
cd25add8-8396-4a8e-87c3-a1878f9e66bb,2026-07-31T14:53:27.775163+00:00,GET,/api/v1/openapi.json,200,16.00,,,Guest
b21bfc4d-9f8f-4258-b047-18497c8da1cd,2026-07-31T14:53:00.758113+00:00,GET,/api/v1/auth/me,401,0.00,,,Guest
c254b6a2-be4a-411f-a6f0-c9a5f65ec4e2,2026-07-31T14:52:51.196462+00:00,GET,/api/v1/auth/me,401,16.00,,,Guest
87a3ce5b-5478-4311-87e2-9cf135fb7702,2026-07-31T14:52:30.571248+00:00,POST,/api/v1/auth/login,200,687.00,,,Guest
35d6c1de-81a2-48d6-b071-a10d90d0d785,2026-07-31T14:51:37.491791+00:00,GET,/api/v1/auth/me,401,0.00,,,Guest
044898df-fe34-4cf1-a049-9bb55d19d115,2026-07-31T14:51:12.113467+00:00,GET,/api/v1/auth/me,401,0.00,,,Guest
c7de2130-5bff-45b4-87cc-704d7d4c71bf,2026-07-31T14:51:00.005292+00:00,GET,/api/v1/auth/me,401,0.00,,,Guest
cccfeba7-b2cb-4a2a-be79-2cdd6711c031,2026-07-31T14:50:40.691557+00:00,POST,/api/v1/auth/login,200,656.00,,,Guest
33b56540-ff60-4b69-8bbd-afefeac81087,2026-07-31T14:50:19.970709+00:00,GET,/api/v1/openapi.json,200,16.00,,,Guest
b5af0bb9-5731-4ce1-a9da-22e15a0120bc,2026-07-31T14:49:59.242833+00:00,GET,/api/v1/openapi.json,200,0.00,,,Guest
535ff3c6-2623-4ff3-a760-9f35838a9b60,2026-07-31T14:49:00.449570+00:00,GET,/api/v1/openapi.json,200,0.00,,,Guest
373c48ea-6e32-4fa0-b25e-e0242e0b02a4,2026-07-31T14:48:49.626249+00:00,GET,/api/v1/openapi.json,200,0.00,,,Guest
78f67c0c-12b2-4dd6-a662-ed06c8120969,2026-07-31T14:48:46.703008+00:00,GET,/api/v1/openapi.json,200,15.00,,,Guest
082d5b7e-fb27-4928-895c-678fe02c5c3e,2026-07-31T14:46:23.622743+00:00,POST,/api/v1/auth/login,200,594.00,,,Guest
c84d061d-6676-4f12-a195-de2cdd97d1d6,2026-07-31T14:46:11.881071+00:00,POST,/api/v1/auth/login,401,578.00,,,Guest
6f9c7c3a-2d1b-462b-b688-a14efaa8dfb6,2026-07-31T14:45:30.651520+00:00,POST,/api/v1/auth/register,201,1312.00,,,Guest
